# PC-SAFT-Titan -- Daniel Cordier
# https://www.researchgate.net/profile/Daniel_Cordier
# http://orcid.org/0000-0003-4515-6271
#
# Computation date: 07/07/2021 -- 20h 49min 18s
# Temperature:   120.00 K
# Species 1: N2    
# Species 2: CH4   
#
# yN2 (vap)      P (bar)      
  1.8284408E-03  1.9126822E+00
  7.8683672E-03  1.9243957E+00
  1.3832193E-02  1.9361017E+00
  1.9721348E-02  1.9478002E+00
  2.5537226E-02  1.9594912E+00
  3.1281187E-02  1.9711748E+00
  3.6954558E-02  1.9828508E+00
  4.2558632E-02  1.9945194E+00
  4.8094672E-02  2.0061805E+00
  5.3563910E-02  2.0178342E+00
  5.8967549E-02  2.0294804E+00
  6.4306762E-02  2.0411192E+00
  6.9582696E-02  2.0527505E+00
  7.4796471E-02  2.0643744E+00
  7.9949178E-02  2.0759909E+00
  8.5041886E-02  2.0875999E+00
  9.0075637E-02  2.0992015E+00
  9.5051450E-02  2.1107958E+00
  9.9970321E-02  2.1223826E+00
  1.0483322E-01  2.1339620E+00
  1.0964110E-01  2.1455340E+00
  1.1439490E-01  2.1570987E+00
  1.1909551E-01  2.1686559E+00
  1.2374383E-01  2.1802058E+00
  1.2834073E-01  2.1917483E+00
  1.3288705E-01  2.2032835E+00
  1.3738363E-01  2.2148113E+00
  1.4183128E-01  2.2263318E+00
  1.4623079E-01  2.2378449E+00
  1.5058295E-01  2.2493507E+00
  1.5488852E-01  2.2608492E+00
  1.5914823E-01  2.2723404E+00
  1.6336283E-01  2.2838242E+00
  1.6753302E-01  2.2953007E+00
  1.7165950E-01  2.3067700E+00
  1.7574296E-01  2.3182319E+00
  1.7978407E-01  2.3296866E+00
  1.8378348E-01  2.3411339E+00
  1.8774185E-01  2.3525740E+00
  1.9165979E-01  2.3640068E+00
  1.9553792E-01  2.3754324E+00
  1.9937686E-01  2.3868507E+00
  2.0317719E-01  2.3982618E+00
  2.0693949E-01  2.4096656E+00
  2.1066433E-01  2.4210622E+00
  2.1435227E-01  2.4324515E+00
  2.1800386E-01  2.4438336E+00
  2.2161963E-01  2.4552086E+00
  2.2520011E-01  2.4665763E+00
  2.2874581E-01  2.4779368E+00
  2.3225724E-01  2.4892901E+00
  2.3573489E-01  2.5006362E+00
  2.3917925E-01  2.5119751E+00
  2.4259080E-01  2.5233069E+00
  2.4597000E-01  2.5346315E+00
  2.4931732E-01  2.5459489E+00
  2.5263320E-01  2.5572591E+00
  2.5591808E-01  2.5685622E+00
  2.5917241E-01  2.5798582E+00
  2.6239659E-01  2.5911470E+00
  2.6559106E-01  2.6024287E+00
  2.6875623E-01  2.6137033E+00
  2.7189248E-01  2.6249708E+00
  2.7500023E-01  2.6362311E+00
  2.7807986E-01  2.6474844E+00
  2.8113174E-01  2.6587305E+00
  2.8415626E-01  2.6699695E+00
  2.8715377E-01  2.6812015E+00
  2.9012465E-01  2.6924264E+00
  2.9306925E-01  2.7036442E+00
  2.9598791E-01  2.7148549E+00
  2.9888097E-01  2.7260586E+00
  3.0174878E-01  2.7372553E+00
  3.0459166E-01  2.7484449E+00
  3.0740994E-01  2.7596274E+00
  3.1020393E-01  2.7708029E+00
  3.1297396E-01  2.7819714E+00
  3.1572032E-01  2.7931329E+00
  3.1844332E-01  2.8042873E+00
  3.2114327E-01  2.8154348E+00
  3.2382044E-01  2.8265752E+00
  3.2647513E-01  2.8377087E+00
  3.2910763E-01  2.8488352E+00
  3.3171820E-01  2.8599546E+00
  3.3430713E-01  2.8710672E+00
  3.3687468E-01  2.8821727E+00
  3.3942112E-01  2.8932713E+00
  3.4194670E-01  2.9043629E+00
  3.4445169E-01  2.9154476E+00
  3.4693634E-01  2.9265253E+00
  3.4940088E-01  2.9375961E+00
  3.5184558E-01  2.9486600E+00
  3.5427066E-01  2.9597170E+00
  3.5667636E-01  2.9707670E+00
  3.5906292E-01  2.9818101E+00
  3.6143057E-01  2.9928463E+00
  3.6377952E-01  3.0038757E+00
  3.6611000E-01  3.0148981E+00
  3.6842223E-01  3.0259137E+00
  3.7071642E-01  3.0369223E+00
  3.7299278E-01  3.0479241E+00
  3.7525153E-01  3.0589191E+00
  3.7749286E-01  3.0699072E+00
  3.7971697E-01  3.0808884E+00
  3.8192408E-01  3.0918628E+00
  3.8411436E-01  3.1028303E+00
  3.8628802E-01  3.1137911E+00
  3.8844523E-01  3.1247450E+00
  3.9058620E-01  3.1356920E+00
  3.9271110E-01  3.1466323E+00
  3.9482012E-01  3.1575657E+00
  3.9691343E-01  3.1684924E+00
  3.9899120E-01  3.1794123E+00
  4.0105362E-01  3.1903253E+00
  4.0310085E-01  3.2012316E+00
  4.0513305E-01  3.2121312E+00
  4.0715041E-01  3.2230239E+00
  4.0915307E-01  3.2339099E+00
  4.1114119E-01  3.2447892E+00
  4.1311495E-01  3.2556617E+00
  4.1507449E-01  3.2665274E+00
  4.1701996E-01  3.2773864E+00
  4.1895153E-01  3.2882387E+00
  4.2086933E-01  3.2990843E+00
  4.2277352E-01  3.3099231E+00
  4.2466424E-01  3.3207553E+00
  4.2654163E-01  3.3315807E+00
  4.2840583E-01  3.3423994E+00
  4.3025699E-01  3.3532115E+00
  4.3209524E-01  3.3640168E+00
  4.3392072E-01  3.3748155E+00
  4.3573356E-01  3.3856075E+00
  4.3753389E-01  3.3963929E+00
  4.3932184E-01  3.4071716E+00
  4.4109754E-01  3.4179436E+00
  4.4286112E-01  3.4287090E+00
  4.4461269E-01  3.4394678E+00
  4.4635239E-01  3.4502199E+00
  4.4808033E-01  3.4609654E+00
  4.4979663E-01  3.4717042E+00
  4.5150142E-01  3.4824365E+00
  4.5319480E-01  3.4931621E+00
  4.5487690E-01  3.5038812E+00
  4.5654782E-01  3.5145936E+00
  4.5820768E-01  3.5252995E+00
  4.5985658E-01  3.5359988E+00
  4.6149464E-01  3.5466915E+00
  4.6312196E-01  3.5573776E+00
  4.6473866E-01  3.5680572E+00
  4.6634482E-01  3.5787302E+00
  4.6794056E-01  3.5893966E+00
  4.6952599E-01  3.6000565E+00
  4.7110119E-01  3.6107099E+00
  4.7266626E-01  3.6213567E+00
  4.7422132E-01  3.6319971E+00
  4.7576645E-01  3.6426308E+00
  4.7730174E-01  3.6532581E+00
  4.7882730E-01  3.6638789E+00
  4.8034321E-01  3.6744932E+00
  4.8184957E-01  3.6851009E+00
  4.8334647E-01  3.6957022E+00
  4.8483399E-01  3.7062970E+00
  4.8631224E-01  3.7168853E+00
  4.8778128E-01  3.7274672E+00
  4.8924121E-01  3.7380426E+00
  4.9069212E-01  3.7486115E+00
  4.9213408E-01  3.7591740E+00
  4.9356719E-01  3.7697300E+00
  4.9499152E-01  3.7802796E+00
  4.9640716E-01  3.7908228E+00
  4.9781417E-01  3.8013595E+00
  4.9921266E-01  3.8118898E+00
  5.0060268E-01  3.8224137E+00
  5.0198432E-01  3.8329312E+00
  5.0335766E-01  3.8434423E+00
  5.0472277E-01  3.8539470E+00
  5.0607972E-01  3.8644453E+00
  5.0742859E-01  3.8749372E+00
  5.0876944E-01  3.8854227E+00
  5.1010237E-01  3.8959019E+00
  5.1142742E-01  3.9063747E+00
  5.1274468E-01  3.9168412E+00
  5.1405421E-01  3.9273013E+00
  5.1535608E-01  3.9377550E+00
  5.1665035E-01  3.9482024E+00
  5.1793711E-01  3.9586435E+00
  5.1921640E-01  3.9690782E+00
  5.2048830E-01  3.9795066E+00
  5.2175287E-01  3.9899287E+00
  5.2301017E-01  4.0003445E+00
  5.2426028E-01  4.0107540E+00
  5.2550324E-01  4.0211572E+00
  5.2673912E-01  4.0315541E+00
  5.2796798E-01  4.0419447E+00
  5.2918989E-01  4.0523290E+00
  5.3040490E-01  4.0627071E+00
  5.3161307E-01  4.0730789E+00
  5.3281445E-01  4.0834444E+00
  5.3400912E-01  4.0938037E+00
  5.3519711E-01  4.1041567E+00
  5.3637850E-01  4.1145035E+00
  5.3755333E-01  4.1248440E+00
  5.3872166E-01  4.1351783E+00
  5.3988354E-01  4.1455064E+00
  5.4103903E-01  4.1558283E+00
  5.4218818E-01  4.1661439E+00
  5.4333105E-01  4.1764533E+00
  5.4446768E-01  4.1867566E+00
  5.4559812E-01  4.1970536E+00
  5.4672244E-01  4.2073445E+00
  5.4784067E-01  4.2176292E+00
  5.4895287E-01  4.2279077E+00
  5.5005909E-01  4.2381800E+00
  5.5115937E-01  4.2484462E+00
  5.5225376E-01  4.2587062E+00
  5.5334232E-01  4.2689600E+00
  5.5442508E-01  4.2792077E+00
  5.5550210E-01  4.2894493E+00
  5.5657342E-01  4.2996847E+00
  5.5763908E-01  4.3099140E+00
  5.5869914E-01  4.3201372E+00
  5.5975364E-01  4.3303542E+00
  5.6080261E-01  4.3405651E+00
  5.6184611E-01  4.3507700E+00
  5.6288417E-01  4.3609687E+00
  5.6391685E-01  4.3711614E+00
  5.6494418E-01  4.3813479E+00
  5.6596620E-01  4.3915284E+00
  5.6698296E-01  4.4017028E+00
  5.6799449E-01  4.4118711E+00
  5.6900085E-01  4.4220334E+00
  5.7000206E-01  4.4321896E+00
  5.7099817E-01  4.4423398E+00
  5.7198921E-01  4.4524839E+00
  5.7297523E-01  4.4626219E+00
  5.7395627E-01  4.4727540E+00
  5.7493236E-01  4.4828800E+00
  5.7590354E-01  4.4929999E+00
  5.7686984E-01  4.5031139E+00
  5.7783131E-01  4.5132219E+00
  5.7878799E-01  4.5233238E+00
  5.7973990E-01  4.5334198E+00
  5.8068708E-01  4.5435097E+00
  5.8162957E-01  4.5535937E+00
  5.8256741E-01  4.5636717E+00
  5.8350063E-01  4.5737437E+00
  5.8442926E-01  4.5838097E+00
  5.8535334E-01  4.5938698E+00
  5.8627290E-01  4.6039239E+00
  5.8718798E-01  4.6139721E+00
  5.8809860E-01  4.6240143E+00
  5.8900481E-01  4.6340506E+00
  5.8990663E-01  4.6440809E+00
  5.9080409E-01  4.6541053E+00
  5.9169723E-01  4.6641238E+00
  5.9258609E-01  4.6741364E+00
  5.9347068E-01  4.6841431E+00
  5.9435105E-01  4.6941438E+00
  5.9522722E-01  4.7041387E+00
  5.9609922E-01  4.7141277E+00
  5.9696708E-01  4.7241107E+00
  5.9783084E-01  4.7340879E+00
  5.9869051E-01  4.7440592E+00
  5.9954614E-01  4.7540247E+00
  6.0039775E-01  4.7639842E+00
  6.0124537E-01  4.7739380E+00
  6.0208903E-01  4.7838858E+00
  6.0292875E-01  4.7938278E+00
  6.0376457E-01  4.8037640E+00
  6.0459650E-01  4.8136944E+00
  6.0542459E-01  4.8236189E+00
  6.0624885E-01  4.8335375E+00
  6.0706931E-01  4.8434504E+00
  6.0788600E-01  4.8533574E+00
  6.0869895E-01  4.8632587E+00
  6.0950818E-01  4.8731541E+00
  6.1031371E-01  4.8830438E+00
  6.1111558E-01  4.8929276E+00
  6.1191381E-01  4.9028057E+00
  6.1270841E-01  4.9126780E+00
  6.1349943E-01  4.9225445E+00
  6.1428688E-01  4.9324052E+00
  6.1507079E-01  4.9422602E+00
  6.1585118E-01  4.9521094E+00
  6.1662808E-01  4.9619529E+00
  6.1740150E-01  4.9717906E+00
  6.1817148E-01  4.9816226E+00
  6.1893803E-01  4.9914489E+00
  6.1970118E-01  5.0012694E+00
  6.2046096E-01  5.0110842E+00
  6.2121738E-01  5.0208933E+00
  6.2197047E-01  5.0306966E+00
  6.2272025E-01  5.0404943E+00
  6.2346674E-01  5.0502863E+00
  6.2420997E-01  5.0600725E+00
  6.2494995E-01  5.0698531E+00
  6.2568671E-01  5.0796280E+00
  6.2642027E-01  5.0893973E+00
  6.2715065E-01  5.0991608E+00
  6.2787787E-01  5.1089187E+00
  6.2860195E-01  5.1186709E+00
  6.2932291E-01  5.1284175E+00
  6.3004078E-01  5.1381584E+00
  6.3075557E-01  5.1478937E+00
  6.3146731E-01  5.1576233E+00
  6.3217600E-01  5.1673473E+00
  6.3288169E-01  5.1770657E+00
  6.3358437E-01  5.1867785E+00
  6.3428407E-01  5.1964856E+00
  6.3498082E-01  5.2061871E+00
  6.3567463E-01  5.2158831E+00
  6.3636552E-01  5.2255734E+00
  6.3705350E-01  5.2352581E+00
  6.3773860E-01  5.2449373E+00
  6.3842084E-01  5.2546108E+00
  6.3910023E-01  5.2642788E+00
  6.3977679E-01  5.2739412E+00
  6.4045054E-01  5.2835981E+00
  6.4112150E-01  5.2932494E+00
  6.4178968E-01  5.3028951E+00
  6.4245511E-01  5.3125353E+00
  6.4311780E-01  5.3221699E+00
  6.4377776E-01  5.3317990E+00
  6.4443502E-01  5.3414226E+00
  6.4508959E-01  5.3510406E+00
  6.4574148E-01  5.3606531E+00
  6.4639073E-01  5.3702601E+00
  6.4703733E-01  5.3798616E+00
  6.4768131E-01  5.3894576E+00
  6.4832268E-01  5.3990481E+00
  6.4896147E-01  5.4086331E+00
  6.4959768E-01  5.4182126E+00
  6.5023133E-01  5.4277866E+00
  6.5086244E-01  5.4373552E+00
  6.5149102E-01  5.4469182E+00
  6.5211709E-01  5.4564759E+00
  6.5274067E-01  5.4660280E+00
  6.5336176E-01  5.4755747E+00
  6.5398039E-01  5.4851159E+00
  6.5459657E-01  5.4946517E+00
  6.5521031E-01  5.5041821E+00
  6.5582163E-01  5.5137070E+00
  6.5643055E-01  5.5232265E+00
  6.5703707E-01  5.5327405E+00
  6.5764121E-01  5.5422492E+00
  6.5824300E-01  5.5517524E+00
  6.5884243E-01  5.5612502E+00
  6.5943953E-01  5.5707427E+00
  6.6003430E-01  5.5802297E+00
  6.6062677E-01  5.5897113E+00
  6.6121695E-01  5.5991876E+00
  6.6180484E-01  5.6086585E+00
  6.6239047E-01  5.6181240E+00
  6.6297385E-01  5.6275841E+00
  6.6355498E-01  5.6370389E+00
  6.6413389E-01  5.6464883E+00
  6.6471059E-01  5.6559323E+00
  6.6528508E-01  5.6653710E+00
  6.6585739E-01  5.6748044E+00
  6.6642752E-01  5.6842324E+00
  6.6699549E-01  5.6936551E+00
  6.6756131E-01  5.7030725E+00
  6.6812499E-01  5.7124846E+00
  6.6868655E-01  5.7218913E+00
  6.6924600E-01  5.7312927E+00
  6.6980334E-01  5.7406889E+00
  6.7035860E-01  5.7500797E+00
  6.7091178E-01  5.7594652E+00
  6.7146290E-01  5.7688454E+00
  6.7201197E-01  5.7782204E+00
  6.7255899E-01  5.7875901E+00
  6.7310398E-01  5.7969545E+00
  6.7364696E-01  5.8063136E+00
  6.7418793E-01  5.8156675E+00
  6.7472691E-01  5.8250161E+00
  6.7526390E-01  5.8343595E+00
  6.7579892E-01  5.8436976E+00
  6.7633199E-01  5.8530305E+00
  6.7686310E-01  5.8623581E+00
  6.7739227E-01  5.8716806E+00
  6.7791951E-01  5.8809977E+00
  6.7844484E-01  5.8903097E+00
  6.7896826E-01  5.8996165E+00
  6.7948978E-01  5.9089180E+00
  6.8000942E-01  5.9182144E+00
  6.8052719E-01  5.9275055E+00
  6.8104309E-01  5.9367915E+00
  6.8155713E-01  5.9460722E+00
  6.8206933E-01  5.9553478E+00
  6.8257970E-01  5.9646182E+00
  6.8308825E-01  5.9738834E+00
  6.8359498E-01  5.9831435E+00
  6.8409991E-01  5.9923984E+00
  6.8460304E-01  6.0016482E+00
  6.8510439E-01  6.0108928E+00
  6.8560397E-01  6.0201322E+00
  6.8610178E-01  6.0293665E+00
  6.8659784E-01  6.0385957E+00
  6.8709215E-01  6.0478197E+00
  6.8758473E-01  6.0570387E+00
  6.8807558E-01  6.0662524E+00
  6.8856472E-01  6.0754611E+00
  6.8905214E-01  6.0846647E+00
  6.8953787E-01  6.0938632E+00
  6.9002191E-01  6.1030565E+00
  6.9050427E-01  6.1122448E+00
  6.9098495E-01  6.1214280E+00
  6.9146398E-01  6.1306061E+00
  6.9194135E-01  6.1397791E+00
  6.9241708E-01  6.1489471E+00
  6.9289117E-01  6.1581100E+00
  6.9336363E-01  6.1672678E+00
  6.9383447E-01  6.1764206E+00
  6.9430371E-01  6.1855683E+00
  6.9477134E-01  6.1947110E+00
  6.9523738E-01  6.2038486E+00
  6.9570184E-01  6.2129812E+00
  6.9616472E-01  6.2221087E+00
  6.9662603E-01  6.2312313E+00
  6.9708578E-01  6.2403488E+00
  6.9754398E-01  6.2494612E+00
  6.9800063E-01  6.2585687E+00
  6.9845576E-01  6.2676712E+00
  6.9890935E-01  6.2767687E+00
  6.9936142E-01  6.2858612E+00
  6.9981198E-01  6.2949486E+00
  7.0026104E-01  6.3040311E+00
  7.0070860E-01  6.3131087E+00
  7.0115468E-01  6.3221812E+00
  7.0159927E-01  6.3312488E+00
  7.0204239E-01  6.3403114E+00
  7.0248405E-01  6.3493690E+00
  7.0292424E-01  6.3584217E+00
  7.0336299E-01  6.3674695E+00
  7.0380029E-01  6.3765123E+00
  7.0423616E-01  6.3855501E+00
  7.0467060E-01  6.3945831E+00
  7.0510361E-01  6.4036111E+00
  7.0553522E-01  6.4126341E+00
  7.0596541E-01  6.4216523E+00
  7.0639421E-01  6.4306655E+00
  7.0682161E-01  6.4396739E+00
  7.0724763E-01  6.4486773E+00
  7.0767227E-01  6.4576758E+00
  7.0809554E-01  6.4666694E+00
  7.0851745E-01  6.4756582E+00
  7.0893799E-01  6.4846420E+00
  7.0935719E-01  6.4936210E+00
  7.0977504E-01  6.5025951E+00
  7.1019155E-01  6.5115644E+00
  7.1060673E-01  6.5205287E+00
  7.1102059E-01  6.5294883E+00
  7.1143312E-01  6.5384429E+00
  7.1184435E-01  6.5473927E+00
  7.1225428E-01  6.5563377E+00
  7.1266290E-01  6.5652778E+00
  7.1307023E-01  6.5742131E+00
  7.1347628E-01  6.5831436E+00
  7.1388105E-01  6.5920692E+00
  7.1428454E-01  6.6009901E+00
  7.1468677E-01  6.6099061E+00
  7.1508773E-01  6.6188173E+00
  7.1548745E-01  6.6277237E+00
  7.1588591E-01  6.6366253E+00
  7.1628313E-01  6.6455221E+00
  7.1667912E-01  6.6544141E+00
  7.1707387E-01  6.6633013E+00
  7.1746740E-01  6.6721838E+00
  7.1785972E-01  6.6810615E+00
  7.1825082E-01  6.6899344E+00
  7.1864071E-01  6.6988025E+00
  7.1902940E-01  6.7076659E+00
  7.1941690E-01  6.7165246E+00
  7.1980321E-01  6.7253785E+00
  7.2018833E-01  6.7342276E+00
  7.2057228E-01  6.7430720E+00
  7.2095506E-01  6.7519117E+00
  7.2133666E-01  6.7607466E+00
  7.2171711E-01  6.7695768E+00
  7.2209640E-01  6.7784023E+00
  7.2247454E-01  6.7872231E+00
  7.2285154E-01  6.7960392E+00
  7.2322739E-01  6.8048506E+00
  7.2360212E-01  6.8136572E+00
  7.2397571E-01  6.8224592E+00
  7.2434818E-01  6.8312565E+00
  7.2471954E-01  6.8400491E+00
  7.2508978E-01  6.8488370E+00
  7.2545891E-01  6.8576203E+00
  7.2582694E-01  6.8663989E+00
  7.2619387E-01  6.8751728E+00
  7.2655972E-01  6.8839420E+00
  7.2692447E-01  6.8927066E+00
  7.2728814E-01  6.9014666E+00
  7.2765074E-01  6.9102219E+00
  7.2801226E-01  6.9189725E+00
  7.2837272E-01  6.9277185E+00
  7.2873212E-01  6.9364599E+00
  7.2909045E-01  6.9451967E+00
  7.2944774E-01  6.9539288E+00
  7.2980398E-01  6.9626564E+00
  7.3015918E-01  6.9713793E+00
  7.3051333E-01  6.9800976E+00
  7.3086646E-01  6.9888113E+00
  7.3121856E-01  6.9975204E+00
  7.3156963E-01  7.0062249E+00
  7.3191969E-01  7.0149249E+00
  7.3226873E-01  7.0236202E+00
  7.3261676E-01  7.0323110E+00
  7.3296379E-01  7.0409972E+00
  7.3330981E-01  7.0496788E+00
  7.3365484E-01  7.0583559E+00
  7.3399888E-01  7.0670284E+00
  7.3434193E-01  7.0756963E+00
  7.3468400E-01  7.0843598E+00
  7.3502510E-01  7.0930186E+00
  7.3536521E-01  7.1016729E+00
  7.3570436E-01  7.1103227E+00
  7.3604255E-01  7.1189680E+00
  7.3637977E-01  7.1276087E+00
  7.3671604E-01  7.1362449E+00
  7.3705135E-01  7.1448766E+00
  7.3738572E-01  7.1535038E+00
  7.3771914E-01  7.1621265E+00
  7.3805163E-01  7.1707447E+00
  7.3838318E-01  7.1793584E+00
  7.3871380E-01  7.1879676E+00
  7.3904349E-01  7.1965723E+00
  7.3937226E-01  7.2051725E+00
  7.3970011E-01  7.2137683E+00
  7.4002704E-01  7.2223596E+00
  7.4035307E-01  7.2309464E+00
  7.4067819E-01  7.2395287E+00
  7.4100240E-01  7.2481066E+00
  7.4132572E-01  7.2566801E+00
  7.4164814E-01  7.2652491E+00
  7.4196968E-01  7.2738136E+00
  7.4229032E-01  7.2823737E+00
  7.4261008E-01  7.2909294E+00
  7.4292897E-01  7.2994806E+00
  7.4324697E-01  7.3080275E+00
  7.4356411E-01  7.3165699E+00
  7.4388038E-01  7.3251078E+00
  7.4419578E-01  7.3336414E+00
  7.4451032E-01  7.3421706E+00
  7.4482401E-01  7.3506954E+00
  7.4513685E-01  7.3592157E+00
  7.4544883E-01  7.3677317E+00
  7.4575997E-01  7.3762433E+00
  7.4607027E-01  7.3847505E+00
  7.4637973E-01  7.3932534E+00
  7.4668835E-01  7.4017518E+00
  7.4699615E-01  7.4102459E+00
  7.4730311E-01  7.4187357E+00
  7.4760925E-01  7.4272210E+00
  7.4791458E-01  7.4357021E+00
  7.4821908E-01  7.4441787E+00
  7.4852277E-01  7.4526511E+00
  7.4882565E-01  7.4611190E+00
  7.4912773E-01  7.4695827E+00
  7.4942900E-01  7.4780420E+00
  7.4972947E-01  7.4864970E+00
  7.5002914E-01  7.4949477E+00
  7.5032802E-01  7.5033940E+00
  7.5062611E-01  7.5118361E+00
  7.5092342E-01  7.5202738E+00
  7.5121994E-01  7.5287073E+00
  7.5151568E-01  7.5371364E+00
  7.5181065E-01  7.5455613E+00
  7.5210484E-01  7.5539818E+00
  7.5239826E-01  7.5623981E+00
  7.5269092E-01  7.5708101E+00
  7.5298281E-01  7.5792178E+00
  7.5327394E-01  7.5876213E+00
  7.5356431E-01  7.5960204E+00
  7.5385393E-01  7.6044154E+00
  7.5414280E-01  7.6128060E+00
  7.5443092E-01  7.6211924E+00
  7.5471829E-01  7.6295746E+00
  7.5500493E-01  7.6379525E+00
  7.5529082E-01  7.6463262E+00
  7.5557598E-01  7.6546957E+00
  7.5586041E-01  7.6630609E+00
  7.5614410E-01  7.6714219E+00
  7.5642707E-01  7.6797787E+00
  7.5670932E-01  7.6881313E+00
  7.5699084E-01  7.6964797E+00
  7.5727165E-01  7.7048238E+00
  7.5755174E-01  7.7131638E+00
  7.5783112E-01  7.7214995E+00
  7.5810979E-01  7.7298311E+00
  7.5838776E-01  7.7381585E+00
  7.5866502E-01  7.7464817E+00
  7.5894158E-01  7.7548007E+00
  7.5921745E-01  7.7631155E+00
  7.5949261E-01  7.7714262E+00
  7.5976709E-01  7.7797327E+00
  7.6004088E-01  7.7880351E+00
  7.6031398E-01  7.7963333E+00
  7.6058640E-01  7.8046273E+00
  7.6085813E-01  7.8129172E+00
  7.6112919E-01  7.8212030E+00
  7.6139957E-01  7.8294846E+00
  7.6166928E-01  7.8377621E+00
  7.6193832E-01  7.8460355E+00
  7.6220670E-01  7.8543047E+00
  7.6247440E-01  7.8625699E+00
  7.6274145E-01  7.8708309E+00
  7.6300784E-01  7.8790878E+00
  7.6327356E-01  7.8873406E+00
  7.6353864E-01  7.8955893E+00
  7.6380306E-01  7.9038339E+00
  7.6406684E-01  7.9120744E+00
  7.6432997E-01  7.9203108E+00
  7.6459245E-01  7.9285431E+00
  7.6485429E-01  7.9367714E+00
  7.6511550E-01  7.9449956E+00
  7.6537606E-01  7.9532157E+00
  7.6563600E-01  7.9614318E+00
  7.6589530E-01  7.9696438E+00
  7.6615397E-01  7.9778517E+00
  7.6641202E-01  7.9860556E+00
  7.6666944E-01  7.9942554E+00
  7.6692624E-01  8.0024512E+00
  7.6718242E-01  8.0106430E+00
  7.6743799E-01  8.0188307E+00
  7.6769294E-01  8.0270144E+00
  7.6794728E-01  8.0351941E+00
  7.6820101E-01  8.0433698E+00
  7.6845413E-01  8.0515414E+00
  7.6870665E-01  8.0597091E+00
  7.6895856E-01  8.0678727E+00
  7.6920988E-01  8.0760323E+00
  7.6946059E-01  8.0841880E+00
  7.6971072E-01  8.0923396E+00
  7.6996024E-01  8.1004872E+00
  7.7020918E-01  8.1086309E+00
  7.7045753E-01  8.1167706E+00
  7.7070529E-01  8.1249063E+00
  7.7095247E-01  8.1330380E+00
  7.7119906E-01  8.1411658E+00
  7.7144508E-01  8.1492896E+00
  7.7169052E-01  8.1574095E+00
  7.7193538E-01  8.1655254E+00
  7.7217967E-01  8.1736374E+00
  7.7242339E-01  8.1817454E+00
  7.7266654E-01  8.1898494E+00
  7.7290913E-01  8.1979496E+00
  7.7315115E-01  8.2060458E+00
  7.7339260E-01  8.2141381E+00
  7.7363350E-01  8.2222264E+00
  7.7387384E-01  8.2303109E+00
  7.7411362E-01  8.2383914E+00
  7.7435285E-01  8.2464680E+00
  7.7459153E-01  8.2545408E+00
  7.7482966E-01  8.2626096E+00
  7.7506723E-01  8.2706745E+00
  7.7530427E-01  8.2787356E+00
  7.7554076E-01  8.2867927E+00
  7.7577671E-01  8.2948460E+00
  7.7601212E-01  8.3028954E+00
  7.7624699E-01  8.3109409E+00
  7.7648133E-01  8.3189825E+00
  7.7671513E-01  8.3270203E+00
  7.7694840E-01  8.3350542E+00
  7.7718114E-01  8.3430843E+00
  7.7741336E-01  8.3511105E+00
  7.7764505E-01  8.3591329E+00
  7.7787621E-01  8.3671514E+00
  7.7810686E-01  8.3751661E+00
  7.7833698E-01  8.3831770E+00
  7.7856659E-01  8.3911840E+00
  7.7879568E-01  8.3991872E+00
  7.7902425E-01  8.4071866E+00
  7.7925232E-01  8.4151821E+00
  7.7947987E-01  8.4231739E+00
  7.7970692E-01  8.4311618E+00
  7.7993345E-01  8.4391460E+00
  7.8015949E-01  8.4471263E+00
  7.8038502E-01  8.4551029E+00
  7.8061005E-01  8.4630756E+00
  7.8083458E-01  8.4710446E+00
  7.8105861E-01  8.4790098E+00
  7.8128215E-01  8.4869712E+00
  7.8150520E-01  8.4949289E+00
  7.8172775E-01  8.5028827E+00
  7.8194981E-01  8.5108329E+00
  7.8217139E-01  8.5187792E+00
  7.8239247E-01  8.5267218E+00
  7.8261308E-01  8.5346607E+00
  7.8283320E-01  8.5425958E+00
  7.8305283E-01  8.5505271E+00
  7.8327199E-01  8.5584547E+00
  7.8349067E-01  8.5663786E+00
  7.8370888E-01  8.5742988E+00
  7.8392661E-01  8.5822152E+00
  7.8414387E-01  8.5901279E+00
  7.8436065E-01  8.5980369E+00
  7.8457697E-01  8.6059422E+00
  7.8479282E-01  8.6138437E+00
  7.8500820E-01  8.6217416E+00
  7.8522312E-01  8.6296358E+00
  7.8543758E-01  8.6375263E+00
  7.8565157E-01  8.6454130E+00
  7.8586511E-01  8.6532961E+00
  7.8607819E-01  8.6611755E+00
  7.8629081E-01  8.6690513E+00
  7.8650298E-01  8.6769233E+00
  7.8671469E-01  8.6847917E+00
  7.8692596E-01  8.6926565E+00
  7.8713677E-01  8.7005175E+00
  7.8734714E-01  8.7083749E+00
  7.8755706E-01  8.7162287E+00
  7.8776653E-01  8.7240788E+00
  7.8797556E-01  8.7319253E+00
  7.8818415E-01  8.7397681E+00
  7.8839230E-01  8.7476073E+00
  7.8860001E-01  8.7554428E+00
  7.8880728E-01  8.7632748E+00
  7.8901412E-01  8.7711031E+00
  7.8922052E-01  8.7789278E+00
  7.8942649E-01  8.7867488E+00
  7.8963203E-01  8.7945663E+00
  7.8983714E-01  8.8023802E+00
  7.9004183E-01  8.8101904E+00
  7.9024608E-01  8.8179971E+00
  7.9044991E-01  8.8258002E+00
  7.9065332E-01  8.8335996E+00
  7.9085630E-01  8.8413955E+00
  7.9105887E-01  8.8491879E+00
  7.9126101E-01  8.8569766E+00
  7.9146274E-01  8.8647618E+00
  7.9166405E-01  8.8725434E+00
  7.9186495E-01  8.8803214E+00
  7.9206543E-01  8.8880959E+00
  7.9226550E-01  8.8958668E+00
  7.9246516E-01  8.9036342E+00
  7.9266441E-01  8.9113980E+00
  7.9286325E-01  8.9191583E+00
  7.9306169E-01  8.9269150E+00
  7.9325972E-01  8.9346683E+00
  7.9345735E-01  8.9424179E+00
  7.9365457E-01  8.9501641E+00
  7.9385140E-01  8.9579067E+00
  7.9404782E-01  8.9656458E+00
  7.9424385E-01  8.9733814E+00
  7.9443948E-01  8.9811135E+00
  7.9463471E-01  8.9888421E+00
  7.9482956E-01  8.9965672E+00
  7.9502400E-01  9.0042888E+00
  7.9521806E-01  9.0120069E+00
  7.9541173E-01  9.0197215E+00
  7.9560501E-01  9.0274327E+00
  7.9579790E-01  9.0351403E+00
  7.9599040E-01  9.0428445E+00
  7.9618252E-01  9.0505452E+00
  7.9637426E-01  9.0582424E+00
  7.9656561E-01  9.0659362E+00
  7.9675658E-01  9.0736265E+00
  7.9694718E-01  9.0813134E+00
  7.9713739E-01  9.0889968E+00
  7.9732723E-01  9.0966768E+00
  7.9751669E-01  9.1043533E+00
  7.9770578E-01  9.1120264E+00
  7.9789449E-01  9.1196960E+00
  7.9808284E-01  9.1273623E+00
  7.9827081E-01  9.1350251E+00
  7.9845841E-01  9.1426844E+00
  7.9864564E-01  9.1503404E+00
  7.9883251E-01  9.1579929E+00
  7.9901901E-01  9.1656421E+00
  7.9920515E-01  9.1732878E+00
  7.9939092E-01  9.1809301E+00
  7.9957633E-01  9.1885691E+00
  7.9976138E-01  9.1962046E+00
  7.9994607E-01  9.2038367E+00
  8.0013040E-01  9.2114655E+00
  8.0031437E-01  9.2190909E+00
  8.0049799E-01  9.2267129E+00
  8.0068125E-01  9.2343316E+00
  8.0086416E-01  9.2419468E+00
  8.0104671E-01  9.2495587E+00
  8.0122892E-01  9.2571673E+00
  8.0141077E-01  9.2647725E+00
  8.0159227E-01  9.2723743E+00
  8.0177343E-01  9.2799728E+00
  8.0195424E-01  9.2875680E+00
  8.0213470E-01  9.2951598E+00
  8.0231482E-01  9.3027483E+00
  8.0249459E-01  9.3103334E+00
  8.0267402E-01  9.3179152E+00
  8.0285311E-01  9.3254937E+00
  8.0303187E-01  9.3330689E+00
  8.0321028E-01  9.3406408E+00
  8.0338835E-01  9.3482093E+00
  8.0356609E-01  9.3557746E+00
  8.0374349E-01  9.3633365E+00
  8.0392055E-01  9.3708952E+00
  8.0409728E-01  9.3784505E+00
  8.0427368E-01  9.3860026E+00
  8.0444975E-01  9.3935513E+00
  8.0462549E-01  9.4010968E+00
  8.0480090E-01  9.4086391E+00
  8.0497597E-01  9.4161780E+00
  8.0515073E-01  9.4237137E+00
  8.0532515E-01  9.4312461E+00
  8.0549925E-01  9.4387752E+00
  8.0567303E-01  9.4463011E+00
  8.0584649E-01  9.4538237E+00
  8.0601962E-01  9.4613431E+00
  8.0619243E-01  9.4688593E+00
  8.0636492E-01  9.4763722E+00
  8.0653709E-01  9.4838818E+00
  8.0670895E-01  9.4913882E+00
  8.0688048E-01  9.4988914E+00
  8.0705170E-01  9.5063914E+00
  8.0722261E-01  9.5138882E+00
  8.0739320E-01  9.5213817E+00
  8.0756348E-01  9.5288720E+00
  8.0773345E-01  9.5363591E+00
  8.0790311E-01  9.5438430E+00
  8.0807246E-01  9.5513237E+00
  8.0824149E-01  9.5588013E+00
  8.0841022E-01  9.5662756E+00
  8.0857865E-01  9.5737467E+00
  8.0874677E-01  9.5812146E+00
  8.0891458E-01  9.5886794E+00
  8.0908209E-01  9.5961410E+00
  8.0924929E-01  9.6035994E+00
  8.0941620E-01  9.6110546E+00
  8.0958280E-01  9.6185067E+00
  8.0974910E-01  9.6259556E+00
  8.0991510E-01  9.6334014E+00
  8.1008081E-01  9.6408440E+00
  8.1024621E-01  9.6482835E+00
  8.1041132E-01  9.6557198E+00
  8.1057614E-01  9.6631529E+00
  8.1074066E-01  9.6705830E+00
  8.1090489E-01  9.6780099E+00
  8.1106882E-01  9.6854337E+00
  8.1123246E-01  9.6928543E+00
  8.1139581E-01  9.7002718E+00
  8.1155887E-01  9.7076862E+00
  8.1172165E-01  9.7150975E+00
  8.1188413E-01  9.7225057E+00
  8.1204633E-01  9.7299108E+00
  8.1220824E-01  9.7373128E+00
  8.1236986E-01  9.7447117E+00
  8.1253120E-01  9.7521075E+00
  8.1269226E-01  9.7595002E+00
  8.1285303E-01  9.7668898E+00
  8.1301352E-01  9.7742763E+00
  8.1317373E-01  9.7816598E+00
  8.1333366E-01  9.7890402E+00
  8.1349331E-01  9.7964175E+00
  8.1365268E-01  9.8037917E+00
  8.1381178E-01  9.8111629E+00
  8.1397059E-01  9.8185311E+00
  8.1412914E-01  9.8258961E+00
  8.1428740E-01  9.8332582E+00
  8.1444539E-01  9.8406172E+00
  8.1460311E-01  9.8479731E+00
  8.1476056E-01  9.8553260E+00
  8.1491773E-01  9.8626759E+00
  8.1507464E-01  9.8700227E+00
  8.1523127E-01  9.8773665E+00
  8.1538763E-01  9.8847073E+00
  8.1554373E-01  9.8920451E+00
  8.1569956E-01  9.8993799E+00
  8.1585512E-01  9.9067116E+00
  8.1601041E-01  9.9140404E+00
  8.1616544E-01  9.9213661E+00
  8.1632021E-01  9.9286889E+00
  8.1647471E-01  9.9360086E+00
  8.1662895E-01  9.9433254E+00
  8.1678293E-01  9.9506391E+00
  8.1693664E-01  9.9579499E+00
  8.1709010E-01  9.9652577E+00
  8.1724330E-01  9.9725626E+00
  8.1739623E-01  9.9798645E+00
  8.1754891E-01  9.9871634E+00
  8.1770133E-01  9.9944593E+00
  8.1785350E-01  1.0001752E+01
  8.1800541E-01  1.0009042E+01
  8.1815706E-01  1.0016329E+01
  8.1830847E-01  1.0023613E+01
  8.1845961E-01  1.0030895E+01
  8.1861051E-01  1.0038173E+01
  8.1876115E-01  1.0045448E+01
  8.1891154E-01  1.0052721E+01
  8.1906168E-01  1.0059990E+01
  8.1921158E-01  1.0067257E+01
  8.1936122E-01  1.0074520E+01
  8.1951061E-01  1.0081781E+01
  8.1965976E-01  1.0089039E+01
  8.1980866E-01  1.0096294E+01
  8.1995732E-01  1.0103545E+01
  8.2010573E-01  1.0110795E+01
  8.2025389E-01  1.0118041E+01
  8.2040181E-01  1.0125284E+01
  8.2054949E-01  1.0132524E+01
  8.2069693E-01  1.0139762E+01
  8.2084413E-01  1.0146996E+01
  8.2099108E-01  1.0154228E+01
  8.2113779E-01  1.0161457E+01
  8.2128427E-01  1.0168683E+01
  8.2143051E-01  1.0175906E+01
  8.2157650E-01  1.0183126E+01
  8.2172226E-01  1.0190344E+01
  8.2186779E-01  1.0197558E+01
  8.2201308E-01  1.0204770E+01
  8.2215813E-01  1.0211979E+01
  8.2230295E-01  1.0219185E+01
  8.2244754E-01  1.0226388E+01
  8.2259189E-01  1.0233589E+01
  8.2273601E-01  1.0240786E+01
  8.2287990E-01  1.0247981E+01
  8.2302355E-01  1.0255173E+01
  8.2316698E-01  1.0262362E+01
  8.2331018E-01  1.0269548E+01
  8.2345314E-01  1.0276731E+01
  8.2359588E-01  1.0283912E+01
  8.2373840E-01  1.0291090E+01
  8.2388068E-01  1.0298265E+01
  8.2402274E-01  1.0305437E+01
  8.2416457E-01  1.0312606E+01
  8.2430618E-01  1.0319773E+01
  8.2444757E-01  1.0326937E+01
  8.2458873E-01  1.0334098E+01
  8.2472966E-01  1.0341256E+01
  8.2487038E-01  1.0348412E+01
  8.2501087E-01  1.0355564E+01
  8.2515114E-01  1.0362714E+01
  8.2529119E-01  1.0369862E+01
  8.2543103E-01  1.0377006E+01
  8.2557064E-01  1.0384148E+01
  8.2571003E-01  1.0391287E+01
  8.2584921E-01  1.0398423E+01
  8.2598817E-01  1.0405556E+01
  8.2612691E-01  1.0412687E+01
  8.2626543E-01  1.0419815E+01
  8.2640375E-01  1.0426940E+01
  8.2654184E-01  1.0434063E+01
  8.2667972E-01  1.0441183E+01
  8.2681739E-01  1.0448300E+01
  8.2695485E-01  1.0455414E+01
  8.2709209E-01  1.0462526E+01
  8.2722912E-01  1.0469635E+01
  8.2736594E-01  1.0476741E+01
  8.2750255E-01  1.0483845E+01
  8.2763895E-01  1.0490945E+01
  8.2777514E-01  1.0498044E+01
  8.2791113E-01  1.0505139E+01
  8.2804690E-01  1.0512232E+01
  8.2818247E-01  1.0519322E+01
  8.2831783E-01  1.0526409E+01
  8.2845298E-01  1.0533494E+01
  8.2858793E-01  1.0540576E+01
  8.2872267E-01  1.0547656E+01
  8.2885721E-01  1.0554732E+01
  8.2899154E-01  1.0561806E+01
  8.2912567E-01  1.0568878E+01
  8.2925960E-01  1.0575947E+01
  8.2939333E-01  1.0583013E+01
  8.2952685E-01  1.0590076E+01
  8.2966018E-01  1.0597137E+01
  8.2979330E-01  1.0604195E+01
  8.2992622E-01  1.0611251E+01
  8.3005895E-01  1.0618304E+01
  8.3019147E-01  1.0625354E+01
  8.3032380E-01  1.0632402E+01
  8.3045593E-01  1.0639447E+01
  8.3058786E-01  1.0646489E+01
  8.3071959E-01  1.0653529E+01
  8.3085113E-01  1.0660567E+01
  8.3098248E-01  1.0667601E+01
  8.3111363E-01  1.0674633E+01
  8.3124458E-01  1.0681663E+01
  8.3137534E-01  1.0688690E+01
  8.3150591E-01  1.0695714E+01
  8.3163629E-01  1.0702736E+01
  8.3176647E-01  1.0709755E+01
  8.3189646E-01  1.0716771E+01
  8.3202626E-01  1.0723785E+01
  8.3215587E-01  1.0730797E+01
  8.3228529E-01  1.0737805E+01
  8.3241452E-01  1.0744812E+01
  8.3254356E-01  1.0751815E+01
  8.3267242E-01  1.0758817E+01
  8.3280108E-01  1.0765815E+01
  8.3292956E-01  1.0772811E+01
  8.3305785E-01  1.0779805E+01
  8.3318596E-01  1.0786796E+01
  8.3331388E-01  1.0793784E+01
  8.3344161E-01  1.0800770E+01
  8.3356916E-01  1.0807754E+01
  8.3369653E-01  1.0814734E+01
  8.3382371E-01  1.0821713E+01
  8.3395071E-01  1.0828689E+01
  8.3407752E-01  1.0835662E+01
  8.3420416E-01  1.0842633E+01
  8.3433061E-01  1.0849601E+01
  8.3445688E-01  1.0856567E+01
  8.3458297E-01  1.0863530E+01
  8.3470888E-01  1.0870491E+01
  8.3483461E-01  1.0877449E+01
  8.3496016E-01  1.0884405E+01
  8.3508554E-01  1.0891359E+01
  8.3521073E-01  1.0898309E+01
  8.3533575E-01  1.0905258E+01
  8.3546059E-01  1.0912204E+01
  8.3558525E-01  1.0919147E+01
  8.3570974E-01  1.0926088E+01
  8.3583405E-01  1.0933027E+01
  8.3595818E-01  1.0939963E+01
  8.3608215E-01  1.0946896E+01
  8.3620593E-01  1.0953828E+01
  8.3632955E-01  1.0960756E+01
  8.3645299E-01  1.0967683E+01
  8.3657625E-01  1.0974606E+01
  8.3669935E-01  1.0981528E+01
  8.3682227E-01  1.0988447E+01
  8.3694502E-01  1.0995363E+01
  8.3706760E-01  1.1002278E+01
  8.3719001E-01  1.1009189E+01
  8.3731225E-01  1.1016099E+01
  8.3743432E-01  1.1023005E+01
  8.3755623E-01  1.1029910E+01
  8.3767796E-01  1.1036812E+01
  8.3779952E-01  1.1043712E+01
  8.3792092E-01  1.1050609E+01
  8.3804215E-01  1.1057504E+01
  8.3816322E-01  1.1064396E+01
  8.3828411E-01  1.1071286E+01
  8.3840484E-01  1.1078174E+01
  8.3852541E-01  1.1085060E+01
  8.3864581E-01  1.1091943E+01
  8.3876605E-01  1.1098823E+01
  8.3888612E-01  1.1105701E+01
  8.3900603E-01  1.1112577E+01
  8.3912578E-01  1.1119451E+01
  8.3924536E-01  1.1126322E+01
  8.3936478E-01  1.1133191E+01
  8.3948404E-01  1.1140057E+01
  8.3960314E-01  1.1146921E+01
  8.3972207E-01  1.1153783E+01
  8.3984085E-01  1.1160642E+01
  8.3995947E-01  1.1167499E+01
  8.4007792E-01  1.1174354E+01
  8.4019622E-01  1.1181207E+01
  8.4031436E-01  1.1188057E+01
  8.4043234E-01  1.1194904E+01
  8.4055016E-01  1.1201750E+01
  8.4066782E-01  1.1208593E+01
  8.4078533E-01  1.1215434E+01
  8.4090268E-01  1.1222272E+01
  8.4101988E-01  1.1229109E+01
  8.4113692E-01  1.1235943E+01
  8.4125380E-01  1.1242774E+01
  8.4137053E-01  1.1249604E+01
  8.4148710E-01  1.1256431E+01
  8.4160353E-01  1.1263255E+01
  8.4171979E-01  1.1270078E+01
  8.4183590E-01  1.1276898E+01
  8.4195187E-01  1.1283716E+01
  8.4206767E-01  1.1290532E+01
  8.4218333E-01  1.1297345E+01
  8.4229883E-01  1.1304156E+01
  8.4241419E-01  1.1310965E+01
  8.4252939E-01  1.1317772E+01
  8.4264444E-01  1.1324576E+01
  8.4275934E-01  1.1331378E+01
  8.4287409E-01  1.1338178E+01
  8.4298870E-01  1.1344976E+01
  8.4310315E-01  1.1351771E+01
  8.4321746E-01  1.1358565E+01
  8.4333161E-01  1.1365356E+01
  8.4344562E-01  1.1372144E+01
  8.4355949E-01  1.1378931E+01
  8.4367320E-01  1.1385715E+01
  8.4378677E-01  1.1392497E+01
  8.4390020E-01  1.1399277E+01
  8.4401347E-01  1.1406055E+01
  8.4412661E-01  1.1412830E+01
  8.4423959E-01  1.1419603E+01
  8.4435244E-01  1.1426374E+01
  8.4446514E-01  1.1433143E+01
  8.4457769E-01  1.1439910E+01
  8.4469010E-01  1.1446674E+01
  8.4480237E-01  1.1453437E+01
  8.4491450E-01  1.1460197E+01
  8.4502648E-01  1.1466955E+01
  8.4513832E-01  1.1473711E+01
  8.4525002E-01  1.1480464E+01
  8.4536158E-01  1.1487216E+01
  8.4547300E-01  1.1493965E+01
  8.4558428E-01  1.1500712E+01
  8.4569542E-01  1.1507457E+01
  8.4580642E-01  1.1514200E+01
  8.4591728E-01  1.1520941E+01
  8.4602800E-01  1.1527679E+01
  8.4613858E-01  1.1534416E+01
  8.4624903E-01  1.1541150E+01
  8.4635933E-01  1.1547882E+01
  8.4646950E-01  1.1554612E+01
  8.4657953E-01  1.1561340E+01
  8.4668943E-01  1.1568066E+01
  8.4679919E-01  1.1574789E+01
  8.4690881E-01  1.1581511E+01
  8.4701830E-01  1.1588230E+01
  8.4712765E-01  1.1594948E+01
  8.4723687E-01  1.1601663E+01
  8.4734595E-01  1.1608376E+01
  8.4745490E-01  1.1615087E+01
  8.4756372E-01  1.1621796E+01
  8.4767240E-01  1.1628503E+01
  8.4778095E-01  1.1635208E+01
  8.4788936E-01  1.1641910E+01
  8.4799764E-01  1.1648611E+01
  8.4810579E-01  1.1655309E+01
  8.4821381E-01  1.1662006E+01
  8.4832170E-01  1.1668700E+01
  8.4842946E-01  1.1675393E+01
  8.4853709E-01  1.1682083E+01
  8.4864458E-01  1.1688771E+01
  8.4875195E-01  1.1695457E+01
  8.4885918E-01  1.1702141E+01
  8.4896629E-01  1.1708823E+01
  8.4907327E-01  1.1715503E+01
  8.4918012E-01  1.1722181E+01
  8.4928684E-01  1.1728857E+01
  8.4939343E-01  1.1735531E+01
  8.4949990E-01  1.1742203E+01
  8.4960623E-01  1.1748873E+01
  8.4971245E-01  1.1755541E+01
  8.4981853E-01  1.1762207E+01
  8.4992449E-01  1.1768871E+01
  8.5003032E-01  1.1775532E+01
  8.5013603E-01  1.1782192E+01
  8.5024161E-01  1.1788850E+01
  8.5034706E-01  1.1795506E+01
  8.5045239E-01  1.1802160E+01
  8.5055760E-01  1.1808811E+01
  8.5066268E-01  1.1815461E+01
  8.5076764E-01  1.1822109E+01
  8.5087248E-01  1.1828755E+01
  8.5097719E-01  1.1835399E+01
  8.5108178E-01  1.1842041E+01
  8.5118625E-01  1.1848681E+01
  8.5129059E-01  1.1855319E+01
  8.5139482E-01  1.1861955E+01
  8.5149892E-01  1.1868589E+01
  8.5160290E-01  1.1875221E+01
  8.5170676E-01  1.1881851E+01
  8.5181050E-01  1.1888479E+01
  8.5191412E-01  1.1895106E+01
  8.5201762E-01  1.1901730E+01
  8.5212100E-01  1.1908352E+01
  8.5222426E-01  1.1914973E+01
  8.5232740E-01  1.1921591E+01
  8.5243043E-01  1.1928208E+01
  8.5253333E-01  1.1934823E+01
  8.5263612E-01  1.1941435E+01
  8.5273879E-01  1.1948046E+01
  8.5284134E-01  1.1954655E+01
  8.5294377E-01  1.1961262E+01
  8.5304609E-01  1.1967867E+01
  8.5314829E-01  1.1974470E+01
  8.5325037E-01  1.1981072E+01
  8.5335234E-01  1.1987671E+01
  8.5345420E-01  1.1994269E+01
  8.5355593E-01  1.2000864E+01
  8.5365756E-01  1.2007458E+01
  8.5375906E-01  1.2014050E+01
  8.5386046E-01  1.2020640E+01
  8.5396174E-01  1.2027228E+01
  8.5406290E-01  1.2033814E+01
  8.5416395E-01  1.2040398E+01
  8.5426489E-01  1.2046981E+01
  8.5436572E-01  1.2053562E+01
  8.5446643E-01  1.2060140E+01
  8.5456703E-01  1.2066717E+01
  8.5466752E-01  1.2073292E+01
  8.5476790E-01  1.2079866E+01
  8.5486816E-01  1.2086437E+01
  8.5496831E-01  1.2093007E+01
  8.5506836E-01  1.2099574E+01
  8.5516829E-01  1.2106140E+01
  8.5526811E-01  1.2112704E+01
  8.5536782E-01  1.2119267E+01
  8.5546742E-01  1.2125827E+01
  8.5556692E-01  1.2132386E+01
  8.5566630E-01  1.2138942E+01
  8.5576557E-01  1.2145497E+01
  8.5586474E-01  1.2152050E+01
  8.5596380E-01  1.2158602E+01
  8.5606274E-01  1.2165151E+01
  8.5616158E-01  1.2171699E+01
  8.5626032E-01  1.2178245E+01
  8.5635894E-01  1.2184789E+01
  8.5645746E-01  1.2191332E+01
  8.5655587E-01  1.2197872E+01
  8.5665418E-01  1.2204411E+01
  8.5675238E-01  1.2210948E+01
  8.5685047E-01  1.2217484E+01
  8.5694846E-01  1.2224017E+01
  8.5704634E-01  1.2230549E+01
  8.5714412E-01  1.2237079E+01
  8.5724179E-01  1.2243607E+01
  8.5733936E-01  1.2250134E+01
  8.5743682E-01  1.2256658E+01
  8.5753418E-01  1.2263181E+01
  8.5763144E-01  1.2269703E+01
  8.5772859E-01  1.2276222E+01
  8.5782564E-01  1.2282740E+01
  8.5792258E-01  1.2289256E+01
  8.5801942E-01  1.2295770E+01
  8.5811616E-01  1.2302283E+01
  8.5821280E-01  1.2308794E+01
  8.5830934E-01  1.2315303E+01
  8.5840577E-01  1.2321810E+01
  8.5850211E-01  1.2328316E+01
  8.5859834E-01  1.2334820E+01
  8.5869447E-01  1.2341322E+01
  8.5879050E-01  1.2347823E+01
  8.5888643E-01  1.2354322E+01
  8.5898226E-01  1.2360819E+01
  8.5907799E-01  1.2367315E+01
  8.5917362E-01  1.2373809E+01
  8.5926915E-01  1.2380301E+01
  8.5936458E-01  1.2386791E+01
  8.5945991E-01  1.2393280E+01
  8.5955515E-01  1.2399767E+01
  8.5965028E-01  1.2406253E+01
  8.5974532E-01  1.2412736E+01
  8.5984026E-01  1.2419218E+01
  8.5993510E-01  1.2425699E+01
  8.6002984E-01  1.2432178E+01
  8.6012449E-01  1.2438655E+01
  8.6021904E-01  1.2445130E+01
  8.6031350E-01  1.2451604E+01
  8.6040785E-01  1.2458077E+01
  8.6050211E-01  1.2464547E+01
  8.6059628E-01  1.2471016E+01
  8.6069035E-01  1.2477483E+01
  8.6078432E-01  1.2483949E+01
  8.6087820E-01  1.2490413E+01
  8.6097199E-01  1.2496876E+01
  8.6106567E-01  1.2503336E+01
  8.6115927E-01  1.2509796E+01
  8.6125277E-01  1.2516253E+01
  8.6134618E-01  1.2522709E+01
  8.6143949E-01  1.2529164E+01
  8.6153271E-01  1.2535617E+01
  8.6162584E-01  1.2542068E+01
  8.6171887E-01  1.2548517E+01
  8.6181181E-01  1.2554965E+01
  8.6190466E-01  1.2561412E+01
  8.6199741E-01  1.2567857E+01
  8.6209008E-01  1.2574300E+01
  8.6218265E-01  1.2580742E+01
  8.6227513E-01  1.2587182E+01
  8.6236752E-01  1.2593620E+01
  8.6245981E-01  1.2600057E+01
  8.6255202E-01  1.2606493E+01
  8.6264414E-01  1.2612927E+01
  8.6273616E-01  1.2619359E+01
  8.6282810E-01  1.2625790E+01
  8.6291994E-01  1.2632219E+01
  8.6301170E-01  1.2638647E+01
  8.6310336E-01  1.2645073E+01
  8.6319494E-01  1.2651497E+01
  8.6328643E-01  1.2657920E+01
  8.6337782E-01  1.2664342E+01
  8.6346913E-01  1.2670762E+01
  8.6356035E-01  1.2677181E+01
  8.6365149E-01  1.2683598E+01
  8.6374253E-01  1.2690013E+01
  8.6383349E-01  1.2696427E+01
  8.6392436E-01  1.2702839E+01
  8.6401514E-01  1.2709250E+01
  8.6410584E-01  1.2715660E+01
  8.6419645E-01  1.2722068E+01
  8.6428697E-01  1.2728474E+01
  8.6437740E-01  1.2734879E+01
  8.6446775E-01  1.2741283E+01
  8.6455802E-01  1.2747685E+01
  8.6464820E-01  1.2754085E+01
  8.6473829E-01  1.2760484E+01
  8.6482829E-01  1.2766882E+01
  8.6491822E-01  1.2773278E+01
  8.6500805E-01  1.2779672E+01
  8.6509780E-01  1.2786065E+01
  8.6518747E-01  1.2792457E+01
  8.6527706E-01  1.2798847E+01
  8.6536656E-01  1.2805236E+01
  8.6545597E-01  1.2811623E+01
  8.6554530E-01  1.2818009E+01
  8.6563455E-01  1.2824394E+01
  8.6572372E-01  1.2830777E+01
  8.6581280E-01  1.2837158E+01
  8.6590180E-01  1.2843538E+01
  8.6599072E-01  1.2849917E+01
  8.6607955E-01  1.2856294E+01
  8.6616830E-01  1.2862670E+01
  8.6625697E-01  1.2869045E+01
  8.6634556E-01  1.2875418E+01
  8.6643407E-01  1.2881789E+01
  8.6652250E-01  1.2888160E+01
  8.6661084E-01  1.2894528E+01
  8.6669910E-01  1.2900896E+01
  8.6678729E-01  1.2907262E+01
  8.6687539E-01  1.2913626E+01
  8.6696341E-01  1.2919990E+01
  8.6705136E-01  1.2926351E+01
  8.6713922E-01  1.2932712E+01
  8.6722700E-01  1.2939071E+01
  8.6731470E-01  1.2945429E+01
  8.6740233E-01  1.2951785E+01
  8.6748987E-01  1.2958140E+01
  8.6757734E-01  1.2964493E+01
  8.6766473E-01  1.2970846E+01
  8.6775204E-01  1.2977196E+01
  8.6783927E-01  1.2983546E+01
  8.6792642E-01  1.2989894E+01
  8.6801350E-01  1.2996241E+01
  8.6810049E-01  1.3002586E+01
  8.6818741E-01  1.3008930E+01
  8.6827426E-01  1.3015273E+01
  8.6836102E-01  1.3021615E+01
  8.6844771E-01  1.3027955E+01
  8.6853432E-01  1.3034294E+01
  8.6862086E-01  1.3040631E+01
  8.6870732E-01  1.3046967E+01
  8.6879370E-01  1.3053302E+01
  8.6888001E-01  1.3059635E+01
  8.6896624E-01  1.3065968E+01
  8.6905239E-01  1.3072299E+01
  8.6913847E-01  1.3078628E+01
  8.6922448E-01  1.3084956E+01
  8.6931041E-01  1.3091283E+01
  8.6939626E-01  1.3097609E+01
  8.6948205E-01  1.3103933E+01
  8.6956775E-01  1.3110257E+01
  8.6965339E-01  1.3116578E+01
  8.6973894E-01  1.3122899E+01
  8.6982443E-01  1.3129218E+01
  8.6990984E-01  1.3135536E+01
  8.6999518E-01  1.3141853E+01
  8.7008044E-01  1.3148168E+01
  8.7016563E-01  1.3154483E+01
  8.7025075E-01  1.3160796E+01
  8.7033580E-01  1.3167107E+01
  8.7042077E-01  1.3173418E+01
  8.7050567E-01  1.3179727E+01
  8.7059050E-01  1.3186035E+01
  8.7067526E-01  1.3192342E+01
  8.7075994E-01  1.3198647E+01
  8.7084456E-01  1.3204951E+01
  8.7092910E-01  1.3211254E+01
  8.7101357E-01  1.3217556E+01
  8.7109797E-01  1.3223857E+01
  8.7118230E-01  1.3230156E+01
  8.7126656E-01  1.3236454E+01
  8.7135074E-01  1.3242751E+01
  8.7143486E-01  1.3249047E+01
  8.7151891E-01  1.3255341E+01
  8.7160289E-01  1.3261634E+01
  8.7168679E-01  1.3267927E+01
  8.7177063E-01  1.3274217E+01
  8.7185440E-01  1.3280507E+01
  8.7193810E-01  1.3286796E+01
  8.7202173E-01  1.3293083E+01
  8.7210529E-01  1.3299369E+01
  8.7218879E-01  1.3305654E+01
  8.7227221E-01  1.3311938E+01
  8.7235557E-01  1.3318220E+01
  8.7243885E-01  1.3324502E+01
  8.7252207E-01  1.3330782E+01
  8.7260523E-01  1.3337061E+01
  8.7268831E-01  1.3343339E+01
  8.7277133E-01  1.3349616E+01
  8.7285428E-01  1.3355892E+01
  8.7293716E-01  1.3362166E+01
  8.7301997E-01  1.3368440E+01
  8.7310272E-01  1.3374712E+01
  8.7318541E-01  1.3380983E+01
  8.7326802E-01  1.3387253E+01
  8.7335057E-01  1.3393522E+01
  8.7343305E-01  1.3399789E+01
  8.7351547E-01  1.3406056E+01
  8.7359782E-01  1.3412321E+01
  8.7368011E-01  1.3418586E+01
  8.7376233E-01  1.3424849E+01
  8.7384448E-01  1.3431111E+01
  8.7392657E-01  1.3437372E+01
  8.7400860E-01  1.3443632E+01
  8.7409056E-01  1.3449891E+01
  8.7417246E-01  1.3456148E+01
  8.7425429E-01  1.3462405E+01
  8.7433605E-01  1.3468660E+01
  8.7441776E-01  1.3474915E+01
  8.7449940E-01  1.3481168E+01
  8.7458097E-01  1.3487421E+01
  8.7466248E-01  1.3493672E+01
  8.7474393E-01  1.3499922E+01
  8.7482532E-01  1.3506171E+01
  8.7490664E-01  1.3512419E+01
  8.7498790E-01  1.3518666E+01
  8.7506910E-01  1.3524912E+01
  8.7515023E-01  1.3531157E+01
  8.7523130E-01  1.3537400E+01
  8.7531231E-01  1.3543643E+01
  8.7539326E-01  1.3549885E+01
  8.7547414E-01  1.3556125E+01
  8.7555497E-01  1.3562365E+01
  8.7563573E-01  1.3568604E+01
  8.7571643E-01  1.3574841E+01
  8.7579707E-01  1.3581078E+01
  8.7587765E-01  1.3587313E+01
  8.7595816E-01  1.3593548E+01
  8.7603862E-01  1.3599781E+01
  8.7611901E-01  1.3606013E+01
  8.7619935E-01  1.3612245E+01
  8.7627962E-01  1.3618475E+01
  8.7635984E-01  1.3624705E+01
  8.7643999E-01  1.3630933E+01
  8.7652009E-01  1.3637161E+01
  8.7660012E-01  1.3643387E+01
  8.7668009E-01  1.3649613E+01
  8.7676001E-01  1.3655837E+01
  8.7683987E-01  1.3662060E+01
  8.7691966E-01  1.3668283E+01
  8.7699940E-01  1.3674505E+01
  8.7707908E-01  1.3680725E+01
  8.7715870E-01  1.3686945E+01
  8.7723826E-01  1.3693163E+01
  8.7731777E-01  1.3699381E+01
  8.7739721E-01  1.3705598E+01
  8.7747660E-01  1.3711813E+01
  8.7755593E-01  1.3718028E+01
  8.7763520E-01  1.3724242E+01
  8.7771442E-01  1.3730455E+01
  8.7779358E-01  1.3736667E+01
  8.7787268E-01  1.3742878E+01
  8.7795172E-01  1.3749088E+01
  8.7803071E-01  1.3755297E+01
  8.7810963E-01  1.3761506E+01
  8.7818851E-01  1.3767713E+01
  8.7826732E-01  1.3773919E+01
  8.7834608E-01  1.3780125E+01
  8.7842479E-01  1.3786329E+01
  8.7850343E-01  1.3792533E+01
  8.7858202E-01  1.3798736E+01
  8.7866056E-01  1.3804938E+01
  8.7873904E-01  1.3811139E+01
  8.7881746E-01  1.3817339E+01
  8.7889583E-01  1.3823538E+01
  8.7897415E-01  1.3829736E+01
  8.7905241E-01  1.3835934E+01
  8.7913061E-01  1.3842130E+01
  8.7920876E-01  1.3848326E+01
  8.7928686E-01  1.3854521E+01
  8.7936490E-01  1.3860715E+01
  8.7944288E-01  1.3866908E+01
  8.7952081E-01  1.3873100E+01
  8.7959869E-01  1.3879291E+01
  8.7967652E-01  1.3885482E+01
  8.7975429E-01  1.3891671E+01
  8.7983200E-01  1.3897860E+01
  8.7990967E-01  1.3904048E+01
  8.7998728E-01  1.3910235E+01
  8.8006483E-01  1.3916421E+01
  8.8014234E-01  1.3922607E+01
  8.8021979E-01  1.3928791E+01
  8.8029719E-01  1.3934975E+01
  8.8037453E-01  1.3941158E+01
  8.8045182E-01  1.3947340E+01
  8.8052907E-01  1.3953521E+01
  8.8060625E-01  1.3959702E+01
  8.8068339E-01  1.3965881E+01
  8.8076048E-01  1.3972060E+01
  8.8083751E-01  1.3978238E+01
  8.8091449E-01  1.3984415E+01
  8.8099142E-01  1.3990592E+01
  8.8106830E-01  1.3996768E+01
  8.8114513E-01  1.4002942E+01
  8.8122190E-01  1.4009117E+01
  8.8129863E-01  1.4015290E+01
  8.8137530E-01  1.4021462E+01
  8.8145193E-01  1.4027634E+01
  8.8152850E-01  1.4033805E+01
  8.8160503E-01  1.4039975E+01
  8.8168150E-01  1.4046145E+01
  8.8175792E-01  1.4052313E+01
  8.8183430E-01  1.4058481E+01
  8.8191062E-01  1.4064648E+01
  8.8198689E-01  1.4070815E+01
  8.8206312E-01  1.4076980E+01
  8.8213929E-01  1.4083145E+01
  8.8221542E-01  1.4089309E+01
  8.8229150E-01  1.4095473E+01
  8.8236752E-01  1.4101636E+01
  8.8244350E-01  1.4107797E+01
  8.8251943E-01  1.4113959E+01
  8.8259531E-01  1.4120119E+01
  8.8267115E-01  1.4126279E+01
  8.8274693E-01  1.4132438E+01
  8.8282267E-01  1.4138596E+01
  8.8289836E-01  1.4144754E+01
  8.8297400E-01  1.4150911E+01
  8.8304959E-01  1.4157067E+01
  8.8312513E-01  1.4163223E+01
  8.8320063E-01  1.4169378E+01
  8.8327608E-01  1.4175532E+01
  8.8335149E-01  1.4181685E+01
  8.8342684E-01  1.4187838E+01
  8.8350215E-01  1.4193990E+01
  8.8357741E-01  1.4200141E+01
  8.8365263E-01  1.4206292E+01
  8.8372780E-01  1.4212442E+01
  8.8380292E-01  1.4218592E+01
  8.8387799E-01  1.4224740E+01
  8.8395302E-01  1.4230888E+01
  8.8402801E-01  1.4237036E+01
  8.8410294E-01  1.4243183E+01
  8.8417784E-01  1.4249329E+01
  8.8425268E-01  1.4255474E+01
  8.8432748E-01  1.4261619E+01
  8.8440224E-01  1.4267763E+01
  8.8447695E-01  1.4273907E+01
  8.8455161E-01  1.4280050E+01
  8.8462623E-01  1.4286192E+01
  8.8470081E-01  1.4292334E+01
  8.8477534E-01  1.4298475E+01
  8.8484982E-01  1.4304615E+01
  8.8492426E-01  1.4310755E+01
  8.8499866E-01  1.4316894E+01
  8.8507301E-01  1.4323033E+01
  8.8514732E-01  1.4329171E+01
  8.8522158E-01  1.4335308E+01
  8.8529580E-01  1.4341445E+01
  8.8536998E-01  1.4347581E+01
  8.8544411E-01  1.4353716E+01
  8.8551820E-01  1.4359851E+01
  8.8559224E-01  1.4365986E+01
  8.8566625E-01  1.4372120E+01
  8.8574020E-01  1.4378253E+01
  8.8581412E-01  1.4384386E+01
  8.8588799E-01  1.4390518E+01
  8.8596182E-01  1.4396649E+01
  8.8603561E-01  1.4402780E+01
  8.8610936E-01  1.4408911E+01
  8.8618306E-01  1.4415041E+01
  8.8625672E-01  1.4421170E+01
  8.8633034E-01  1.4427299E+01
  8.8640391E-01  1.4433427E+01
  8.8647745E-01  1.4439555E+01
  8.8655094E-01  1.4445682E+01
  8.8662439E-01  1.4451808E+01
  8.8669780E-01  1.4457934E+01
  8.8677116E-01  1.4464060E+01
  8.8684449E-01  1.4470185E+01
  8.8691778E-01  1.4476310E+01
  8.8699102E-01  1.4482434E+01
  8.8706422E-01  1.4488557E+01
  8.8713738E-01  1.4494680E+01
  8.8721050E-01  1.4500802E+01
  8.8728358E-01  1.4506924E+01
  8.8735663E-01  1.4513046E+01
  8.8742962E-01  1.4519167E+01
  8.8750258E-01  1.4525287E+01
  8.8757550E-01  1.4531407E+01
  8.8764838E-01  1.4537527E+01
  8.8772122E-01  1.4543646E+01
  8.8779402E-01  1.4549764E+01
  8.8786678E-01  1.4555882E+01
  8.8793950E-01  1.4562000E+01
  8.8801218E-01  1.4568117E+01
  8.8808482E-01  1.4574234E+01
  8.8815743E-01  1.4580350E+01
  8.8822999E-01  1.4586466E+01
  8.8830251E-01  1.4592581E+01
  8.8837500E-01  1.4598696E+01
  8.8844745E-01  1.4604810E+01
  8.8851985E-01  1.4610924E+01
  8.8859222E-01  1.4617038E+01
  8.8866456E-01  1.4623151E+01
  8.8873685E-01  1.4629263E+01
  8.8880910E-01  1.4635376E+01
  8.8888132E-01  1.4641487E+01
  8.8895350E-01  1.4647599E+01
  8.8902564E-01  1.4653710E+01
  8.8909774E-01  1.4659820E+01
  8.8916981E-01  1.4665930E+01
  8.8924184E-01  1.4672040E+01
  8.8931383E-01  1.4678149E+01
  8.8938578E-01  1.4684258E+01
  8.8945770E-01  1.4690367E+01
  8.8952958E-01  1.4696475E+01
  8.8960142E-01  1.4702583E+01
  8.8967323E-01  1.4708690E+01
  8.8974500E-01  1.4714797E+01
  8.8981673E-01  1.4720904E+01
  8.8988843E-01  1.4727010E+01
  8.8996009E-01  1.4733116E+01
  8.9003171E-01  1.4739221E+01
  8.9010330E-01  1.4745326E+01
  8.9017485E-01  1.4751431E+01
  8.9024636E-01  1.4757535E+01
  8.9031784E-01  1.4763639E+01
  8.9038929E-01  1.4769743E+01
  8.9046070E-01  1.4775846E+01
  8.9053207E-01  1.4781949E+01
  8.9060341E-01  1.4788052E+01
  8.9067471E-01  1.4794154E+01
  8.9074598E-01  1.4800256E+01
  8.9081721E-01  1.4806358E+01
  8.9088841E-01  1.4812459E+01
  8.9095957E-01  1.4818560E+01
  8.9103070E-01  1.4824661E+01
  8.9110180E-01  1.4830761E+01
  8.9117286E-01  1.4836862E+01
  8.9124388E-01  1.4842961E+01
  8.9131487E-01  1.4849061E+01
  8.9138583E-01  1.4855160E+01
  8.9145675E-01  1.4861259E+01
  8.9152764E-01  1.4867357E+01
  8.9159849E-01  1.4873456E+01
  8.9166932E-01  1.4879554E+01
  8.9174010E-01  1.4885651E+01
  8.9181086E-01  1.4891749E+01
  8.9188158E-01  1.4897846E+01
  8.9195227E-01  1.4903943E+01
  8.9202292E-01  1.4910039E+01
  8.9209354E-01  1.4916136E+01
  8.9216413E-01  1.4922232E+01
  8.9223469E-01  1.4928328E+01
  8.9230521E-01  1.4934423E+01
  8.9237570E-01  1.4940519E+01
  8.9244616E-01  1.4946614E+01
  8.9251658E-01  1.4952709E+01
  8.9258698E-01  1.4958803E+01
  8.9265734E-01  1.4964898E+01
  8.9272767E-01  1.4970992E+01
  8.9279796E-01  1.4977086E+01
  8.9286823E-01  1.4983179E+01
  8.9293846E-01  1.4989273E+01
  8.9300866E-01  1.4995366E+01
  8.9307883E-01  1.5001459E+01
  8.9314897E-01  1.5007552E+01
  8.9321908E-01  1.5013644E+01
  8.9328916E-01  1.5019737E+01
  8.9335920E-01  1.5025829E+01
  8.9342922E-01  1.5031921E+01
  8.9349920E-01  1.5038013E+01
  8.9356915E-01  1.5044105E+01
  8.9363907E-01  1.5050196E+01
  8.9370896E-01  1.5056287E+01
  8.9377882E-01  1.5062378E+01
  8.9384865E-01  1.5068469E+01
  8.9391845E-01  1.5074560E+01
  8.9398822E-01  1.5080651E+01
  8.9405796E-01  1.5086741E+01
  8.9412767E-01  1.5092831E+01
  8.9419735E-01  1.5098921E+01
  8.9426700E-01  1.5105011E+01
  8.9433662E-01  1.5111101E+01
  8.9440621E-01  1.5117191E+01
  8.9447577E-01  1.5123280E+01
  8.9454531E-01  1.5129370E+01
  8.9461481E-01  1.5135459E+01
  8.9468428E-01  1.5141548E+01
  8.9475373E-01  1.5147637E+01
  8.9482314E-01  1.5153726E+01
  8.9489253E-01  1.5159815E+01
  8.9496188E-01  1.5165903E+01
  8.9503121E-01  1.5171992E+01
  8.9510051E-01  1.5178080E+01
  8.9516979E-01  1.5184168E+01
  8.9523903E-01  1.5190257E+01
  8.9530824E-01  1.5196345E+01
  8.9537743E-01  1.5202433E+01
  8.9544659E-01  1.5208521E+01
  8.9551572E-01  1.5214608E+01
  8.9558482E-01  1.5220696E+01
  8.9565390E-01  1.5226784E+01
  8.9572295E-01  1.5232871E+01
  8.9579197E-01  1.5238959E+01
  8.9586096E-01  1.5245046E+01
  8.9592993E-01  1.5251134E+01
  8.9599886E-01  1.5257221E+01
  8.9606778E-01  1.5263308E+01
  8.9613666E-01  1.5269396E+01
  8.9620552E-01  1.5275483E+01
  8.9627435E-01  1.5281570E+01
  8.9634315E-01  1.5287657E+01
  8.9641193E-01  1.5293744E+01
  8.9648068E-01  1.5299831E+01
  8.9654940E-01  1.5305918E+01
  8.9661810E-01  1.5312005E+01
  8.9668677E-01  1.5318092E+01
  8.9675541E-01  1.5324179E+01
  8.9682403E-01  1.5330266E+01
  8.9689262E-01  1.5336352E+01
  8.9696119E-01  1.5342439E+01
  8.9702973E-01  1.5348526E+01
  8.9709825E-01  1.5354613E+01
  8.9716674E-01  1.5360700E+01
  8.9723520E-01  1.5366787E+01
  8.9730364E-01  1.5372874E+01
  8.9737205E-01  1.5378960E+01
  8.9744044E-01  1.5385047E+01
  8.9750880E-01  1.5391134E+01
  8.9757714E-01  1.5397221E+01
  8.9764546E-01  1.5403308E+01
  8.9771374E-01  1.5409395E+01
  8.9778201E-01  1.5415482E+01
  8.9785025E-01  1.5421569E+01
  8.9791846E-01  1.5427656E+01
  8.9798665E-01  1.5433743E+01
  8.9805482E-01  1.5439831E+01
  8.9812296E-01  1.5445918E+01
  8.9819108E-01  1.5452005E+01
  8.9825917E-01  1.5458092E+01
  8.9832724E-01  1.5464180E+01
  8.9839529E-01  1.5470267E+01
  8.9846331E-01  1.5476355E+01
  8.9853131E-01  1.5482443E+01
  8.9859928E-01  1.5488530E+01
  8.9866723E-01  1.5494618E+01
  8.9873516E-01  1.5500706E+01
  8.9880306E-01  1.5506794E+01
  8.9887094E-01  1.5512882E+01
  8.9893880E-01  1.5518970E+01
  8.9900664E-01  1.5525059E+01
  8.9907445E-01  1.5531147E+01
  8.9914224E-01  1.5537235E+01
  8.9921000E-01  1.5543324E+01
  8.9927775E-01  1.5549413E+01
  8.9934547E-01  1.5555502E+01
  8.9941317E-01  1.5561591E+01
  8.9948085E-01  1.5567680E+01
  8.9954850E-01  1.5573769E+01
  8.9961613E-01  1.5579858E+01
  8.9968374E-01  1.5585948E+01
  8.9975133E-01  1.5592037E+01
  8.9981890E-01  1.5598127E+01
  8.9988644E-01  1.5604217E+01
  8.9995396E-01  1.5610307E+01
  9.0002146E-01  1.5616397E+01
  9.0008894E-01  1.5622488E+01
  9.0015640E-01  1.5628578E+01
  9.0022384E-01  1.5634669E+01
  9.0029125E-01  1.5640760E+01
  9.0035865E-01  1.5646851E+01
  9.0042602E-01  1.5652942E+01
  9.0049337E-01  1.5659034E+01
  9.0056071E-01  1.5665125E+01
  9.0062802E-01  1.5671217E+01
  9.0069531E-01  1.5677309E+01
  9.0076258E-01  1.5683401E+01
  9.0082982E-01  1.5689494E+01
  9.0089705E-01  1.5695586E+01
  9.0096426E-01  1.5701679E+01
  9.0103145E-01  1.5707772E+01
  9.0109862E-01  1.5713866E+01
  9.0116576E-01  1.5719959E+01
  9.0123289E-01  1.5726053E+01
  9.0130000E-01  1.5732147E+01
  9.0136709E-01  1.5738241E+01
  9.0143416E-01  1.5744335E+01
  9.0150120E-01  1.5750430E+01
  9.0156823E-01  1.5756525E+01
  9.0163524E-01  1.5762620E+01
  9.0170223E-01  1.5768716E+01
  9.0176921E-01  1.5774811E+01
  9.0183616E-01  1.5780907E+01
  9.0190309E-01  1.5787003E+01
  9.0197000E-01  1.5793100E+01
  9.0203690E-01  1.5799196E+01
  9.0210378E-01  1.5805293E+01
  9.0217063E-01  1.5811391E+01
  9.0223747E-01  1.5817488E+01
  9.0230429E-01  1.5823586E+01
  9.0237110E-01  1.5829684E+01
  9.0243788E-01  1.5835783E+01
  9.0250464E-01  1.5841881E+01
  9.0257139E-01  1.5847980E+01
  9.0263812E-01  1.5854080E+01
  9.0270483E-01  1.5860179E+01
  9.0277153E-01  1.5866279E+01
  9.0283820E-01  1.5872380E+01
  9.0290486E-01  1.5878480E+01
  9.0297150E-01  1.5884581E+01
  9.0303812E-01  1.5890682E+01
  9.0310473E-01  1.5896784E+01
  9.0317132E-01  1.5902886E+01
  9.0323789E-01  1.5908988E+01
  9.0330444E-01  1.5915091E+01
  9.0337098E-01  1.5921194E+01
  9.0343749E-01  1.5927297E+01
  9.0350400E-01  1.5933400E+01
  9.0357048E-01  1.5939504E+01
  9.0363695E-01  1.5945609E+01
  9.0370340E-01  1.5951714E+01
  9.0376984E-01  1.5957819E+01
  9.0383626E-01  1.5963924E+01
  9.0390266E-01  1.5970030E+01
  9.0396905E-01  1.5976136E+01
  9.0403542E-01  1.5982243E+01
  9.0410177E-01  1.5988350E+01
  9.0416811E-01  1.5994457E+01
  9.0423443E-01  1.6000565E+01
  9.0430074E-01  1.6006673E+01
  9.0436703E-01  1.6012782E+01
  9.0443330E-01  1.6018891E+01
  9.0449956E-01  1.6025000E+01
  9.0456580E-01  1.6031110E+01
  9.0463203E-01  1.6037220E+01
  9.0469824E-01  1.6043331E+01
  9.0476444E-01  1.6049442E+01
  9.0483062E-01  1.6055554E+01
  9.0489679E-01  1.6061666E+01
  9.0496294E-01  1.6067778E+01
  9.0502908E-01  1.6073891E+01
  9.0509520E-01  1.6080004E+01
  9.0516131E-01  1.6086118E+01
  9.0522740E-01  1.6092232E+01
  9.0529348E-01  1.6098347E+01
  9.0535955E-01  1.6104462E+01
  9.0542560E-01  1.6110578E+01
  9.0549163E-01  1.6116694E+01
  9.0555765E-01  1.6122811E+01
  9.0562366E-01  1.6128928E+01
  9.0568965E-01  1.6135045E+01
  9.0575563E-01  1.6141163E+01
  9.0582159E-01  1.6147282E+01
  9.0588755E-01  1.6153401E+01
  9.0595348E-01  1.6159520E+01
  9.0601941E-01  1.6165640E+01
  9.0608532E-01  1.6171761E+01
  9.0615121E-01  1.6177882E+01
  9.0621710E-01  1.6184003E+01
  9.0628297E-01  1.6190125E+01
  9.0634882E-01  1.6196248E+01
  9.0641467E-01  1.6202371E+01
  9.0648050E-01  1.6208495E+01
  9.0654632E-01  1.6214619E+01
  9.0661212E-01  1.6220744E+01
  9.0667791E-01  1.6226869E+01
  9.0674369E-01  1.6232995E+01
  9.0680946E-01  1.6239121E+01
  9.0687521E-01  1.6245248E+01
  9.0694095E-01  1.6251375E+01
  9.0700668E-01  1.6257503E+01
  9.0707240E-01  1.6263632E+01
  9.0713811E-01  1.6269761E+01
  9.0720380E-01  1.6275891E+01
  9.0726948E-01  1.6282021E+01
  9.0733515E-01  1.6288152E+01
  9.0740080E-01  1.6294284E+01
  9.0746645E-01  1.6300416E+01
  9.0753208E-01  1.6306548E+01
  9.0759771E-01  1.6312682E+01
  9.0766332E-01  1.6318815E+01
  9.0772891E-01  1.6324950E+01
  9.0779450E-01  1.6331085E+01
  9.0786008E-01  1.6337221E+01
  9.0792564E-01  1.6343357E+01
  9.0799120E-01  1.6349494E+01
  9.0805674E-01  1.6355632E+01
  9.0812227E-01  1.6361770E+01
  9.0818779E-01  1.6367909E+01
  9.0825330E-01  1.6374048E+01
  9.0831880E-01  1.6380188E+01
  9.0838429E-01  1.6386329E+01
  9.0844977E-01  1.6392470E+01
  9.0851524E-01  1.6398612E+01
  9.0858070E-01  1.6404755E+01
  9.0864615E-01  1.6410899E+01
  9.0871158E-01  1.6417043E+01
  9.0877701E-01  1.6423187E+01
  9.0884243E-01  1.6429333E+01
  9.0890784E-01  1.6435479E+01
  9.0897323E-01  1.6441626E+01
  9.0903862E-01  1.6447773E+01
  9.0910400E-01  1.6453921E+01
  9.0916937E-01  1.6460070E+01
  9.0923473E-01  1.6466219E+01
  9.0930008E-01  1.6472370E+01
  9.0936542E-01  1.6478521E+01
  9.0943075E-01  1.6484672E+01
  9.0949607E-01  1.6490825E+01
  9.0956138E-01  1.6496978E+01
  9.0962669E-01  1.6503132E+01
  9.0969198E-01  1.6509286E+01
  9.0975727E-01  1.6515441E+01
  9.0982255E-01  1.6521597E+01
  9.0988781E-01  1.6527754E+01
  9.0995307E-01  1.6533912E+01
  9.1001833E-01  1.6540070E+01
  9.1008357E-01  1.6546229E+01
  9.1014880E-01  1.6552389E+01
  9.1021403E-01  1.6558549E+01
  9.1027925E-01  1.6564710E+01
  9.1034446E-01  1.6570872E+01
  9.1040966E-01  1.6577035E+01
  9.1047485E-01  1.6583199E+01
  9.1054004E-01  1.6589363E+01
  9.1060522E-01  1.6595528E+01
  9.1067039E-01  1.6601694E+01
  9.1073555E-01  1.6607861E+01
  9.1080071E-01  1.6614028E+01
  9.1086586E-01  1.6620197E+01
  9.1093100E-01  1.6626366E+01
  9.1099613E-01  1.6632536E+01
  9.1106126E-01  1.6638707E+01
  9.1112637E-01  1.6644878E+01
  9.1119149E-01  1.6651051E+01
  9.1125659E-01  1.6657224E+01
  9.1132169E-01  1.6663398E+01
  9.1138678E-01  1.6669573E+01
  9.1145187E-01  1.6675748E+01
  9.1151694E-01  1.6681925E+01
  9.1158202E-01  1.6688102E+01
  9.1164708E-01  1.6694281E+01
  9.1171214E-01  1.6700460E+01
  9.1177719E-01  1.6706640E+01
  9.1184224E-01  1.6712821E+01
  9.1190728E-01  1.6719002E+01
  9.1197231E-01  1.6725185E+01
  9.1203734E-01  1.6731368E+01
  9.1210236E-01  1.6737553E+01
  9.1216738E-01  1.6743738E+01
  9.1223239E-01  1.6749924E+01
  9.1229739E-01  1.6756111E+01
  9.1236239E-01  1.6762299E+01
  9.1242739E-01  1.6768488E+01
  9.1249237E-01  1.6774678E+01
  9.1255736E-01  1.6780868E+01
  9.1262233E-01  1.6787060E+01
  9.1268731E-01  1.6793252E+01
  9.1275227E-01  1.6799446E+01
  9.1281724E-01  1.6805640E+01
  9.1288219E-01  1.6811835E+01
  9.1294715E-01  1.6818031E+01
  9.1301210E-01  1.6824228E+01
  9.1307704E-01  1.6830426E+01
  9.1314198E-01  1.6836625E+01
  9.1320691E-01  1.6842825E+01
  9.1327184E-01  1.6849026E+01
  9.1333677E-01  1.6855228E+01
  9.1340169E-01  1.6861431E+01
  9.1346660E-01  1.6867635E+01
  9.1353152E-01  1.6873840E+01
  9.1359643E-01  1.6880045E+01
  9.1366133E-01  1.6886252E+01
  9.1372623E-01  1.6892460E+01
  9.1379113E-01  1.6898669E+01
  9.1385602E-01  1.6904878E+01
  9.1392091E-01  1.6911089E+01
  9.1398580E-01  1.6917301E+01
  9.1405068E-01  1.6923513E+01
  9.1411556E-01  1.6929727E+01
  9.1418044E-01  1.6935942E+01
  9.1424531E-01  1.6942158E+01
  9.1431018E-01  1.6948374E+01
  9.1437505E-01  1.6954592E+01
  9.1443991E-01  1.6960811E+01
  9.1450477E-01  1.6967031E+01
  9.1456963E-01  1.6973252E+01
  9.1463448E-01  1.6979474E+01
  9.1469934E-01  1.6985697E+01
  9.1476419E-01  1.6991921E+01
  9.1482903E-01  1.6998146E+01
  9.1489388E-01  1.7004372E+01
  9.1495872E-01  1.7010600E+01
  9.1502356E-01  1.7016828E+01
  9.1508840E-01  1.7023057E+01
  9.1515324E-01  1.7029288E+01
  9.1521807E-01  1.7035519E+01
  9.1528290E-01  1.7041752E+01
  9.1534773E-01  1.7047986E+01
  9.1541256E-01  1.7054221E+01
  9.1547739E-01  1.7060457E+01
  9.1554221E-01  1.7066694E+01
  9.1560704E-01  1.7072932E+01
  9.1567186E-01  1.7079171E+01
  9.1573668E-01  1.7085412E+01
  9.1580150E-01  1.7091653E+01
  9.1586632E-01  1.7097896E+01
  9.1593114E-01  1.7104140E+01
  9.1599595E-01  1.7110385E+01
  9.1606077E-01  1.7116631E+01
  9.1612558E-01  1.7122878E+01
  9.1619040E-01  1.7129126E+01
  9.1625521E-01  1.7135376E+01
  9.1632002E-01  1.7141627E+01
  9.1638483E-01  1.7147879E+01
  9.1644964E-01  1.7154132E+01
  9.1651446E-01  1.7160386E+01
  9.1657927E-01  1.7166641E+01
  9.1664408E-01  1.7172898E+01
  9.1670889E-01  1.7179156E+01
  9.1677370E-01  1.7185415E+01
  9.1683851E-01  1.7191675E+01
  9.1690332E-01  1.7197936E+01
  9.1696813E-01  1.7204199E+01
  9.1703294E-01  1.7210462E+01
  9.1709775E-01  1.7216727E+01
  9.1716256E-01  1.7222994E+01
  9.1722737E-01  1.7229261E+01
  9.1729218E-01  1.7235530E+01
  9.1735700E-01  1.7241799E+01
  9.1742181E-01  1.7248071E+01
  9.1748663E-01  1.7254343E+01
  9.1755144E-01  1.7260616E+01
  9.1761626E-01  1.7266891E+01
  9.1768108E-01  1.7273167E+01
  9.1774589E-01  1.7279445E+01
  9.1781071E-01  1.7285723E+01
  9.1787554E-01  1.7292003E+01
  9.1794036E-01  1.7298284E+01
  9.1800518E-01  1.7304567E+01
  9.1807001E-01  1.7310851E+01
  9.1813484E-01  1.7317135E+01
  9.1819966E-01  1.7323422E+01
  9.1826449E-01  1.7329709E+01
  9.1832933E-01  1.7335998E+01
  9.1839416E-01  1.7342288E+01
  9.1845900E-01  1.7348580E+01
  9.1852384E-01  1.7354873E+01
  9.1858868E-01  1.7361167E+01
  9.1865352E-01  1.7367462E+01
  9.1871837E-01  1.7373759E+01
  9.1878321E-01  1.7380057E+01
  9.1884806E-01  1.7386356E+01
  9.1891292E-01  1.7392657E+01
  9.1897777E-01  1.7398959E+01
  9.1904263E-01  1.7405263E+01
  9.1910749E-01  1.7411568E+01
  9.1917236E-01  1.7417874E+01
  9.1923722E-01  1.7424181E+01
  9.1930209E-01  1.7430490E+01
  9.1936697E-01  1.7436801E+01
  9.1943184E-01  1.7443112E+01
  9.1949672E-01  1.7449425E+01
  9.1956161E-01  1.7455740E+01
  9.1962649E-01  1.7462055E+01
  9.1969138E-01  1.7468373E+01
  9.1975628E-01  1.7474691E+01
  9.1982118E-01  1.7481011E+01
  9.1988608E-01  1.7487333E+01
  9.1995098E-01  1.7493655E+01
  9.2001589E-01  1.7499980E+01
  9.2008081E-01  1.7506305E+01
  9.2014572E-01  1.7512632E+01
  9.2021064E-01  1.7518961E+01
  9.2027557E-01  1.7525291E+01
  9.2034050E-01  1.7531622E+01
  9.2040544E-01  1.7537955E+01
  9.2047038E-01  1.7544289E+01
  9.2053532E-01  1.7550625E+01
  9.2060027E-01  1.7556962E+01
  9.2066522E-01  1.7563301E+01
  9.2073018E-01  1.7569641E+01
  9.2079514E-01  1.7575983E+01
  9.2086011E-01  1.7582326E+01
  9.2092509E-01  1.7588671E+01
  9.2099006E-01  1.7595017E+01
  9.2105505E-01  1.7601364E+01
  9.2112004E-01  1.7607713E+01
  9.2118503E-01  1.7614064E+01
  9.2125003E-01  1.7620416E+01
  9.2131504E-01  1.7626769E+01
  9.2138005E-01  1.7633125E+01
  9.2144507E-01  1.7639481E+01
  9.2151009E-01  1.7645839E+01
  9.2157512E-01  1.7652199E+01
  9.2164015E-01  1.7658560E+01
  9.2170520E-01  1.7664923E+01
  9.2177024E-01  1.7671287E+01
  9.2183530E-01  1.7677653E+01
  9.2190036E-01  1.7684021E+01
  9.2196542E-01  1.7690390E+01
  9.2203050E-01  1.7696760E+01
  9.2209558E-01  1.7703132E+01
  9.2216066E-01  1.7709506E+01
  9.2222575E-01  1.7715881E+01
  9.2229085E-01  1.7722258E+01
  9.2235596E-01  1.7728636E+01
  9.2242107E-01  1.7735016E+01
  9.2248620E-01  1.7741398E+01
  9.2255132E-01  1.7747781E+01
  9.2261646E-01  1.7754166E+01
  9.2268160E-01  1.7760553E+01
  9.2274675E-01  1.7766941E+01
  9.2281191E-01  1.7773330E+01
  9.2287707E-01  1.7779722E+01
  9.2294225E-01  1.7786115E+01
  9.2300743E-01  1.7792509E+01
  9.2307261E-01  1.7798905E+01
  9.2313781E-01  1.7805303E+01
  9.2320301E-01  1.7811703E+01
  9.2326823E-01  1.7818104E+01
  9.2333345E-01  1.7824507E+01
  9.2339867E-01  1.7830911E+01
  9.2346391E-01  1.7837317E+01
  9.2352916E-01  1.7843725E+01
  9.2359441E-01  1.7850135E+01
  9.2365967E-01  1.7856546E+01
  9.2372494E-01  1.7862959E+01
  9.2379022E-01  1.7869374E+01
  9.2385551E-01  1.7875790E+01
  9.2392081E-01  1.7882208E+01
  9.2398612E-01  1.7888628E+01
  9.2405143E-01  1.7895049E+01
  9.2411676E-01  1.7901472E+01
  9.2418209E-01  1.7907897E+01
  9.2424743E-01  1.7914324E+01
  9.2431278E-01  1.7920752E+01
  9.2437815E-01  1.7927182E+01
  9.2444352E-01  1.7933614E+01
  9.2450890E-01  1.7940048E+01
  9.2457429E-01  1.7946483E+01
  9.2463969E-01  1.7952920E+01
  9.2470510E-01  1.7959359E+01
  9.2477052E-01  1.7965799E+01
  9.2483595E-01  1.7972242E+01
  9.2490139E-01  1.7978686E+01
  9.2496685E-01  1.7985132E+01
  9.2503231E-01  1.7991580E+01
  9.2509778E-01  1.7998029E+01
  9.2516326E-01  1.8004481E+01
  9.2522875E-01  1.8010934E+01
  9.2529426E-01  1.8017389E+01
  9.2535977E-01  1.8023846E+01
  9.2542530E-01  1.8030304E+01
  9.2549083E-01  1.8036765E+01
  9.2555638E-01  1.8043227E+01
  9.2562194E-01  1.8049691E+01
  9.2568751E-01  1.8056157E+01
  9.2575309E-01  1.8062625E+01
  9.2581868E-01  1.8069095E+01
  9.2588428E-01  1.8075566E+01
  9.2594990E-01  1.8082039E+01
  9.2601552E-01  1.8088515E+01
  9.2608116E-01  1.8094992E+01
  9.2614681E-01  1.8101471E+01
  9.2621247E-01  1.8107952E+01
  9.2627815E-01  1.8114434E+01
  9.2634383E-01  1.8120919E+01
  9.2640953E-01  1.8127406E+01
  9.2647524E-01  1.8133894E+01
  9.2654096E-01  1.8140384E+01
  9.2660670E-01  1.8146877E+01
  9.2667245E-01  1.8153371E+01
  9.2673821E-01  1.8159867E+01
  9.2680398E-01  1.8166365E+01
  9.2686976E-01  1.8172865E+01
  9.2693556E-01  1.8179367E+01
  9.2700137E-01  1.8185871E+01
  9.2706719E-01  1.8192377E+01
  9.2713303E-01  1.8198884E+01
  9.2719888E-01  1.8205394E+01
  9.2726474E-01  1.8211906E+01
  9.2733062E-01  1.8218420E+01
  9.2739651E-01  1.8224935E+01
  9.2746241E-01  1.8231453E+01
  9.2752833E-01  1.8237972E+01
  9.2759426E-01  1.8244494E+01
  9.2766020E-01  1.8251018E+01
  9.2772616E-01  1.8257543E+01
  9.2779213E-01  1.8264071E+01
  9.2785812E-01  1.8270600E+01
  9.2792412E-01  1.8277132E+01
  9.2799013E-01  1.8283666E+01
  9.2805616E-01  1.8290201E+01
  9.2812221E-01  1.8296739E+01
  9.2818826E-01  1.8303279E+01
  9.2825433E-01  1.8309821E+01
  9.2832042E-01  1.8316365E+01
  9.2838652E-01  1.8322911E+01
  9.2845264E-01  1.8329458E+01
  9.2851877E-01  1.8336009E+01
  9.2858491E-01  1.8342561E+01
  9.2865107E-01  1.8349115E+01
  9.2871725E-01  1.8355671E+01
  9.2878344E-01  1.8362229E+01
  9.2884965E-01  1.8368790E+01
  9.2891587E-01  1.8375352E+01
  9.2898211E-01  1.8381917E+01
  9.2904836E-01  1.8388484E+01
  9.2911463E-01  1.8395053E+01
  9.2918091E-01  1.8401624E+01
  9.2924721E-01  1.8408197E+01
  9.2931353E-01  1.8414772E+01
  9.2937986E-01  1.8421350E+01
  9.2944621E-01  1.8427929E+01
  9.2951257E-01  1.8434511E+01
  9.2957895E-01  1.8441095E+01
  9.2964535E-01  1.8447681E+01
  9.2971176E-01  1.8454269E+01
  9.2977819E-01  1.8460859E+01
  9.2984464E-01  1.8467452E+01
  9.2991110E-01  1.8474046E+01
  9.2997758E-01  1.8480643E+01
  9.3004408E-01  1.8487242E+01
  9.3011059E-01  1.8493843E+01
  9.3017713E-01  1.8500447E+01
  9.3024367E-01  1.8507053E+01
  9.3031024E-01  1.8513661E+01
  9.3037682E-01  1.8520271E+01
  9.3044342E-01  1.8526883E+01
  9.3051004E-01  1.8533497E+01
  9.3057668E-01  1.8540114E+01
  9.3064333E-01  1.8546733E+01
  9.3071000E-01  1.8553355E+01
  9.3077669E-01  1.8559978E+01
  9.3084340E-01  1.8566604E+01
  9.3091012E-01  1.8573232E+01
  9.3097687E-01  1.8579862E+01
  9.3104363E-01  1.8586495E+01
  9.3111041E-01  1.8593130E+01
  9.3117721E-01  1.8599767E+01
  9.3124402E-01  1.8606406E+01
  9.3131086E-01  1.8613048E+01
  9.3137771E-01  1.8619692E+01
  9.3144459E-01  1.8626339E+01
  9.3151148E-01  1.8632987E+01
  9.3157839E-01  1.8639638E+01
  9.3164532E-01  1.8646292E+01
  9.3171227E-01  1.8652947E+01
  9.3177924E-01  1.8659605E+01
  9.3184623E-01  1.8666266E+01
  9.3191323E-01  1.8672928E+01
  9.3198026E-01  1.8679593E+01
  9.3204731E-01  1.8686261E+01
  9.3211437E-01  1.8692931E+01
  9.3218146E-01  1.8699603E+01
  9.3224857E-01  1.8706277E+01
  9.3231569E-01  1.8712954E+01
  9.3238284E-01  1.8719634E+01
  9.3245000E-01  1.8726315E+01
  9.3251719E-01  1.8732999E+01
  9.3258440E-01  1.8739686E+01
  9.3265163E-01  1.8746375E+01
  9.3271887E-01  1.8753066E+01
  9.3278614E-01  1.8759760E+01
  9.3285343E-01  1.8766456E+01
  9.3292074E-01  1.8773155E+01
  9.3298807E-01  1.8779856E+01
  9.3305543E-01  1.8786559E+01
  9.3312280E-01  1.8793265E+01
  9.3319020E-01  1.8799974E+01
  9.3325761E-01  1.8806684E+01
  9.3332505E-01  1.8813398E+01
  9.3339251E-01  1.8820114E+01
  9.3345999E-01  1.8826832E+01
  9.3352749E-01  1.8833553E+01
  9.3359502E-01  1.8840276E+01
  9.3366256E-01  1.8847002E+01
  9.3373013E-01  1.8853730E+01
  9.3379772E-01  1.8860461E+01
  9.3386533E-01  1.8867194E+01
  9.3393297E-01  1.8873930E+01
  9.3400062E-01  1.8880669E+01
  9.3406830E-01  1.8887410E+01
  9.3413601E-01  1.8894153E+01
  9.3420373E-01  1.8900899E+01
  9.3427148E-01  1.8907648E+01
  9.3433925E-01  1.8914399E+01
  9.3440704E-01  1.8921153E+01
  9.3447486E-01  1.8927909E+01
  9.3454270E-01  1.8934668E+01
  9.3461056E-01  1.8941429E+01
  9.3467845E-01  1.8948193E+01
  9.3474636E-01  1.8954960E+01
  9.3481429E-01  1.8961729E+01
  9.3488225E-01  1.8968501E+01
  9.3495023E-01  1.8975275E+01
  9.3501823E-01  1.8982053E+01
  9.3508626E-01  1.8988832E+01
  9.3515431E-01  1.8995615E+01
  9.3522239E-01  1.9002400E+01
  9.3529049E-01  1.9009187E+01
  9.3535862E-01  1.9015978E+01
  9.3542677E-01  1.9022770E+01
  9.3549494E-01  1.9029566E+01
  9.3556314E-01  1.9036364E+01
  9.3563136E-01  1.9043165E+01
  9.3569961E-01  1.9049969E+01
  9.3576788E-01  1.9056775E+01
  9.3583618E-01  1.9063584E+01
  9.3590450E-01  1.9070396E+01
  9.3597285E-01  1.9077210E+01
  9.3604123E-01  1.9084028E+01
  9.3610963E-01  1.9090847E+01
  9.3617805E-01  1.9097670E+01
  9.3624650E-01  1.9104495E+01
  9.3631498E-01  1.9111323E+01
  9.3638348E-01  1.9118154E+01
  9.3645201E-01  1.9124988E+01
  9.3652056E-01  1.9131824E+01
  9.3658914E-01  1.9138663E+01
  9.3665775E-01  1.9145505E+01
  9.3672638E-01  1.9152350E+01
  9.3679504E-01  1.9159197E+01
  9.3686372E-01  1.9166047E+01
  9.3693243E-01  1.9172900E+01
  9.3700117E-01  1.9179756E+01
  9.3706994E-01  1.9186615E+01
  9.3713873E-01  1.9193476E+01
  9.3720755E-01  1.9200340E+01
  9.3727640E-01  1.9207208E+01
  9.3734527E-01  1.9214077E+01
  9.3741417E-01  1.9220950E+01
  9.3748310E-01  1.9227826E+01
  9.3755206E-01  1.9234704E+01
  9.3762104E-01  1.9241586E+01
  9.3769005E-01  1.9248470E+01
  9.3775909E-01  1.9255357E+01
  9.3782816E-01  1.9262247E+01
  9.3789726E-01  1.9269140E+01
  9.3796638E-01  1.9276035E+01
  9.3803553E-01  1.9282934E+01
  9.3810471E-01  1.9289836E+01
  9.3817392E-01  1.9296740E+01
  9.3824316E-01  1.9303647E+01
  9.3831243E-01  1.9310558E+01
  9.3838172E-01  1.9317471E+01
  9.3845105E-01  1.9324387E+01
  9.3852040E-01  1.9331306E+01
  9.3858978E-01  1.9338228E+01
  9.3865919E-01  1.9345153E+01
  9.3872863E-01  1.9352081E+01
  9.3879810E-01  1.9359012E+01
  9.3886760E-01  1.9365946E+01
  9.3893713E-01  1.9372883E+01
  9.3900669E-01  1.9379823E+01
  9.3907628E-01  1.9386766E+01
  9.3914590E-01  1.9393712E+01
  9.3921555E-01  1.9400661E+01
  9.3928523E-01  1.9407613E+01
  9.3935494E-01  1.9414568E+01
  9.3942468E-01  1.9421526E+01
  9.3949445E-01  1.9428487E+01
  9.3956425E-01  1.9435451E+01
  9.3963408E-01  1.9442418E+01
  9.3970395E-01  1.9449388E+01
  9.3977384E-01  1.9456361E+01
  9.3984376E-01  1.9463338E+01
  9.3991372E-01  1.9470317E+01
  9.3998371E-01  1.9477300E+01
  9.4005373E-01  1.9484285E+01
  9.4012378E-01  1.9491274E+01
  9.4019386E-01  1.9498266E+01
  9.4026397E-01  1.9505261E+01
  9.4033412E-01  1.9512259E+01
  9.4040429E-01  1.9519260E+01
  9.4047450E-01  1.9526264E+01
  9.4054474E-01  1.9533272E+01
  9.4061502E-01  1.9540282E+01
  9.4068532E-01  1.9547296E+01
  9.4075566E-01  1.9554313E+01
  9.4082603E-01  1.9561333E+01
  9.4089644E-01  1.9568356E+01
  9.4096687E-01  1.9575383E+01
  9.4103734E-01  1.9582412E+01
  9.4110785E-01  1.9589445E+01
  9.4117838E-01  1.9596481E+01
  9.4124895E-01  1.9603521E+01
  9.4131956E-01  1.9610563E+01
  9.4139019E-01  1.9617609E+01
  9.4146086E-01  1.9624658E+01
  9.4153156E-01  1.9631710E+01
  9.4160230E-01  1.9638765E+01
  9.4167307E-01  1.9645824E+01
  9.4174388E-01  1.9652886E+01
  9.4181472E-01  1.9659951E+01
  9.4188559E-01  1.9667020E+01
  9.4195650E-01  1.9674092E+01
  9.4202744E-01  1.9681167E+01
  9.4209842E-01  1.9688245E+01
  9.4216943E-01  1.9695327E+01
  9.4224048E-01  1.9702412E+01
  9.4231156E-01  1.9709500E+01
  9.4238268E-01  1.9716592E+01
  9.4245383E-01  1.9723687E+01
  9.4252502E-01  1.9730785E+01
  9.4259625E-01  1.9737886E+01
  9.4266750E-01  1.9744991E+01
  9.4273880E-01  1.9752100E+01
  9.4281013E-01  1.9759212E+01
  9.4288150E-01  1.9766327E+01
  9.4295290E-01  1.9773445E+01
  9.4302434E-01  1.9780567E+01
  9.4309581E-01  1.9787692E+01
  9.4316732E-01  1.9794821E+01
  9.4323887E-01  1.9801953E+01
  9.4331046E-01  1.9809089E+01
  9.4338208E-01  1.9816228E+01
  9.4345374E-01  1.9823370E+01
  9.4352543E-01  1.9830516E+01
  9.4359716E-01  1.9837665E+01
  9.4366893E-01  1.9844818E+01
  9.4374074E-01  1.9851974E+01
  9.4381259E-01  1.9859134E+01
  9.4388447E-01  1.9866297E+01
  9.4395639E-01  1.9873464E+01
  9.4402835E-01  1.9880634E+01
  9.4410034E-01  1.9887808E+01
  9.4417238E-01  1.9894985E+01
  9.4424445E-01  1.9902166E+01
  9.4431656E-01  1.9909350E+01
  9.4438871E-01  1.9916538E+01
  9.4446090E-01  1.9923729E+01
  9.4453312E-01  1.9930924E+01
  9.4460539E-01  1.9938122E+01
  9.4467769E-01  1.9945324E+01
  9.4475003E-01  1.9952530E+01
  9.4482242E-01  1.9959739E+01
  9.4489484E-01  1.9966952E+01
  9.4496730E-01  1.9974168E+01
  9.4503980E-01  1.9981388E+01
  9.4511234E-01  1.9988612E+01
  9.4518492E-01  1.9995839E+01
  9.4525754E-01  2.0003070E+01
  9.4533020E-01  2.0010304E+01
  9.4540290E-01  2.0017542E+01
  9.4547565E-01  2.0024784E+01
  9.4554843E-01  2.0032029E+01
  9.4562125E-01  2.0039278E+01
  9.4569411E-01  2.0046531E+01
  9.4576702E-01  2.0053787E+01
  9.4583996E-01  2.0061047E+01
  9.4591295E-01  2.0068311E+01
  9.4598598E-01  2.0075579E+01
  9.4605904E-01  2.0082850E+01
  9.4613215E-01  2.0090125E+01
  9.4620531E-01  2.0097404E+01
  9.4627850E-01  2.0104686E+01
  9.4635174E-01  2.0111972E+01
  9.4642501E-01  2.0119262E+01
  9.4649833E-01  2.0126556E+01
  9.4657169E-01  2.0133853E+01
  9.4664510E-01  2.0141154E+01
  9.4671855E-01  2.0148460E+01
  9.4679204E-01  2.0155768E+01
  9.4686557E-01  2.0163081E+01
  9.4693914E-01  2.0170397E+01
  9.4701276E-01  2.0177718E+01
  9.4708642E-01  2.0185042E+01
  9.4716013E-01  2.0192370E+01
  9.4723388E-01  2.0199701E+01
  9.4730767E-01  2.0207037E+01
  9.4738151E-01  2.0214376E+01
  9.4745539E-01  2.0221720E+01
  9.4752931E-01  2.0229067E+01
  9.4760328E-01  2.0236418E+01
  9.4767729E-01  2.0243773E+01
  9.4775135E-01  2.0251132E+01
  9.4782545E-01  2.0258495E+01
  9.4789959E-01  2.0265861E+01
  9.4797378E-01  2.0273232E+01
  9.4804802E-01  2.0280607E+01
  9.4812230E-01  2.0287985E+01
  9.4819663E-01  2.0295368E+01
  9.4827100E-01  2.0302754E+01
  9.4834542E-01  2.0310145E+01
  9.4841988E-01  2.0317539E+01
  9.4849439E-01  2.0324937E+01
  9.4856894E-01  2.0332340E+01
  9.4864354E-01  2.0339746E+01
  9.4871819E-01  2.0347156E+01
  9.4879288E-01  2.0354571E+01
  9.4886762E-01  2.0361989E+01
  9.4894241E-01  2.0369412E+01
  9.4901724E-01  2.0376838E+01
  9.4909212E-01  2.0384269E+01
  9.4916705E-01  2.0391704E+01
  9.4924203E-01  2.0399142E+01
  9.4931705E-01  2.0406585E+01
  9.4939212E-01  2.0414032E+01
  9.4946723E-01  2.0421483E+01
  9.4954240E-01  2.0428938E+01
  9.4961761E-01  2.0436397E+01
  9.4969287E-01  2.0443861E+01
  9.4976818E-01  2.0451328E+01
  9.4984354E-01  2.0458800E+01
  9.4991895E-01  2.0466275E+01
  9.4999440E-01  2.0473755E+01
  9.5006990E-01  2.0481239E+01
  9.5014546E-01  2.0488728E+01
  9.5022106E-01  2.0496220E+01
  9.5029671E-01  2.0503717E+01
  9.5037241E-01  2.0511218E+01
  9.5044816E-01  2.0518723E+01
  9.5052396E-01  2.0526232E+01
  9.5059981E-01  2.0533745E+01
  9.5067571E-01  2.0541263E+01
  9.5075166E-01  2.0548785E+01
  9.5082766E-01  2.0556312E+01
  9.5090371E-01  2.0563842E+01
  9.5097981E-01  2.0571377E+01
  9.5105596E-01  2.0578916E+01
  9.5113216E-01  2.0586459E+01
  9.5120842E-01  2.0594007E+01
  9.5128472E-01  2.0601559E+01
  9.5136108E-01  2.0609115E+01
  9.5143748E-01  2.0616676E+01
  9.5151394E-01  2.0624241E+01
  9.5159046E-01  2.0631810E+01
  9.5166702E-01  2.0639384E+01
  9.5174363E-01  2.0646962E+01
  9.5182030E-01  2.0654545E+01
  9.5189702E-01  2.0662132E+01
  9.5197379E-01  2.0669723E+01
  9.5205062E-01  2.0677319E+01
  9.5212750E-01  2.0684919E+01
  9.5220443E-01  2.0692523E+01
  9.5228141E-01  2.0700132E+01
  9.5235845E-01  2.0707745E+01
  9.5243554E-01  2.0715363E+01
  9.5251269E-01  2.0722986E+01
  9.5258989E-01  2.0730612E+01
  9.5266714E-01  2.0738244E+01
  9.5274445E-01  2.0745879E+01
  9.5282181E-01  2.0753520E+01
  9.5289922E-01  2.0761164E+01
  9.5297670E-01  2.0768814E+01
  9.5305422E-01  2.0776468E+01
  9.5313180E-01  2.0784126E+01
  9.5320944E-01  2.0791789E+01
  9.5328713E-01  2.0799456E+01
  9.5336487E-01  2.0807128E+01
  9.5344268E-01  2.0814805E+01
  9.5352053E-01  2.0822486E+01
  9.5359845E-01  2.0830172E+01
  9.5367642E-01  2.0837862E+01
  9.5375444E-01  2.0845557E+01
  9.5383253E-01  2.0853257E+01
  9.5391067E-01  2.0860961E+01
  9.5398886E-01  2.0868670E+01
  9.5406712E-01  2.0876384E+01
  9.5414543E-01  2.0884102E+01
  9.5422379E-01  2.0891825E+01
  9.5430222E-01  2.0899553E+01
  9.5438070E-01  2.0907285E+01
  9.5445924E-01  2.0915022E+01
  9.5453784E-01  2.0922764E+01
  9.5461650E-01  2.0930511E+01
  9.5469521E-01  2.0938262E+01
  9.5477399E-01  2.0946018E+01
  9.5485282E-01  2.0953779E+01
  9.5493171E-01  2.0961544E+01
  9.5501066E-01  2.0969314E+01
  9.5508967E-01  2.0977089E+01
  9.5516874E-01  2.0984869E+01
  9.5524786E-01  2.0992654E+01
  9.5532705E-01  2.1000444E+01
  9.5540630E-01  2.1008238E+01
  9.5548561E-01  2.1016037E+01
  9.5556497E-01  2.1023841E+01
  9.5564440E-01  2.1031650E+01
  9.5572389E-01  2.1039464E+01
  9.5580344E-01  2.1047283E+01
  9.5588305E-01  2.1055106E+01
  9.5596272E-01  2.1062935E+01
  9.5604246E-01  2.1070768E+01
  9.5612225E-01  2.1078606E+01
  9.5620211E-01  2.1086450E+01
  9.5628203E-01  2.1094298E+01
  9.5636201E-01  2.1102151E+01
  9.5644205E-01  2.1110009E+01
  9.5652215E-01  2.1117872E+01
  9.5660232E-01  2.1125740E+01
  9.5668255E-01  2.1133613E+01
  9.5676284E-01  2.1141492E+01
  9.5684320E-01  2.1149375E+01
  9.5692362E-01  2.1157263E+01
  9.5700410E-01  2.1165156E+01
  9.5708465E-01  2.1173054E+01
  9.5716526E-01  2.1180958E+01
  9.5724593E-01  2.1188866E+01
  9.5732667E-01  2.1196780E+01
  9.5740748E-01  2.1204698E+01
  9.5748834E-01  2.1212622E+01
  9.5756928E-01  2.1220551E+01
  9.5765028E-01  2.1228485E+01
  9.5773134E-01  2.1236424E+01
  9.5781247E-01  2.1244368E+01
  9.5789366E-01  2.1252318E+01
  9.5797492E-01  2.1260272E+01
  9.5805625E-01  2.1268232E+01
  9.5813764E-01  2.1276197E+01
  9.5821910E-01  2.1284167E+01
  9.5830062E-01  2.1292143E+01
  9.5838221E-01  2.1300123E+01
  9.5846387E-01  2.1308109E+01
  9.5854560E-01  2.1316100E+01
  9.5862739E-01  2.1324097E+01
  9.5870925E-01  2.1332099E+01
  9.5879118E-01  2.1340106E+01
  9.5887318E-01  2.1348118E+01
  9.5895524E-01  2.1356136E+01
  9.5903737E-01  2.1364159E+01
  9.5911958E-01  2.1372187E+01
  9.5920185E-01  2.1380221E+01
  9.5928418E-01  2.1388260E+01
  9.5936659E-01  2.1396304E+01
  9.5944907E-01  2.1404354E+01
  9.5953162E-01  2.1412409E+01
  9.5961423E-01  2.1420469E+01
  9.5969692E-01  2.1428535E+01
  9.5977968E-01  2.1436607E+01
  9.5986251E-01  2.1444684E+01
  9.5994540E-01  2.1452766E+01
  9.6002837E-01  2.1460854E+01
  9.6011141E-01  2.1468947E+01
  9.6019452E-01  2.1477046E+01
  9.6027771E-01  2.1485150E+01
  9.6036096E-01  2.1493260E+01
  9.6044429E-01  2.1501375E+01
  9.6052769E-01  2.1509496E+01
  9.6061116E-01  2.1517623E+01
  9.6069470E-01  2.1525754E+01
  9.6077831E-01  2.1533892E+01
  9.6086200E-01  2.1542035E+01
  9.6094577E-01  2.1550184E+01
  9.6102960E-01  2.1558338E+01
  9.6111351E-01  2.1566498E+01
  9.6119749E-01  2.1574664E+01
  9.6128155E-01  2.1582835E+01
  9.6136568E-01  2.1591012E+01
  9.6144988E-01  2.1599195E+01
  9.6153416E-01  2.1607383E+01
  9.6161852E-01  2.1615577E+01
  9.6170295E-01  2.1623777E+01
  9.6178745E-01  2.1631982E+01
  9.6187203E-01  2.1640193E+01
  9.6195669E-01  2.1648410E+01
  9.6204142E-01  2.1656633E+01
  9.6212623E-01  2.1664862E+01
  9.6221112E-01  2.1673096E+01
  9.6229608E-01  2.1681336E+01
  9.6238112E-01  2.1689582E+01
  9.6246624E-01  2.1697834E+01
  9.6255143E-01  2.1706091E+01
  9.6263670E-01  2.1714355E+01
  9.6272205E-01  2.1722624E+01
  9.6280748E-01  2.1730899E+01
  9.6289298E-01  2.1739180E+01
  9.6297857E-01  2.1747467E+01
  9.6306423E-01  2.1755760E+01
  9.6314997E-01  2.1764059E+01
  9.6323579E-01  2.1772364E+01
  9.6332169E-01  2.1780674E+01
  9.6340767E-01  2.1788991E+01
  9.6349373E-01  2.1797314E+01
  9.6357987E-01  2.1805643E+01
  9.6366609E-01  2.1813977E+01
  9.6375240E-01  2.1822318E+01
  9.6383878E-01  2.1830665E+01
  9.6392524E-01  2.1839018E+01
  9.6401179E-01  2.1847377E+01
  9.6409841E-01  2.1855742E+01
  9.6418512E-01  2.1864113E+01
  9.6427191E-01  2.1872490E+01
  9.6435879E-01  2.1880873E+01
  9.6444574E-01  2.1889263E+01
  9.6453278E-01  2.1897659E+01
  9.6461990E-01  2.1906060E+01
  9.6470711E-01  2.1914468E+01
  9.6479440E-01  2.1922883E+01
  9.6488177E-01  2.1931303E+01
  9.6496923E-01  2.1939730E+01
  9.6505677E-01  2.1948163E+01
  9.6514440E-01  2.1956602E+01
  9.6523211E-01  2.1965047E+01
  9.6531990E-01  2.1973499E+01
  9.6540778E-01  2.1981957E+01
  9.6549575E-01  2.1990421E+01
  9.6558381E-01  2.1998892E+01
  9.6567195E-01  2.2007368E+01
  9.6576017E-01  2.2015852E+01
  9.6584848E-01  2.2024341E+01
  9.6593688E-01  2.2032837E+01
  9.6602537E-01  2.2041340E+01
  9.6611395E-01  2.2049849E+01
  9.6620261E-01  2.2058364E+01
  9.6629136E-01  2.2066886E+01
  9.6638020E-01  2.2075414E+01
  9.6646913E-01  2.2083948E+01
  9.6655814E-01  2.2092489E+01
  9.6664725E-01  2.2101037E+01
  9.6673644E-01  2.2109591E+01
  9.6682573E-01  2.2118152E+01
  9.6691510E-01  2.2126719E+01
  9.6700457E-01  2.2135293E+01
  9.6709412E-01  2.2143873E+01
  9.6718377E-01  2.2152460E+01
  9.6727351E-01  2.2161054E+01
  9.6736334E-01  2.2169654E+01
  9.6745326E-01  2.2178261E+01
  9.6754327E-01  2.2186874E+01
  9.6763337E-01  2.2195494E+01
  9.6772357E-01  2.2204121E+01
  9.6781386E-01  2.2212754E+01
  9.6790424E-01  2.2221395E+01
  9.6799472E-01  2.2230042E+01
  9.6808529E-01  2.2238695E+01
  9.6817595E-01  2.2247356E+01
  9.6826671E-01  2.2256023E+01
  9.6835756E-01  2.2264697E+01
  9.6844851E-01  2.2273378E+01
  9.6853955E-01  2.2282065E+01
  9.6863069E-01  2.2290760E+01
  9.6872193E-01  2.2299461E+01
  9.6881326E-01  2.2308169E+01
  9.6890468E-01  2.2316884E+01
  9.6899620E-01  2.2325607E+01
  9.6908782E-01  2.2334335E+01
  9.6917954E-01  2.2343071E+01
  9.6927135E-01  2.2351814E+01
  9.6936327E-01  2.2360564E+01
  9.6945528E-01  2.2369321E+01
  9.6954739E-01  2.2378085E+01
  9.6963959E-01  2.2386855E+01
  9.6973190E-01  2.2395633E+01
  9.6982430E-01  2.2404418E+01
  9.6991681E-01  2.2413210E+01
  9.7000942E-01  2.2422009E+01
  9.7010212E-01  2.2430815E+01
  9.7019493E-01  2.2439629E+01
  9.7028783E-01  2.2448449E+01
  9.7038084E-01  2.2457277E+01
  9.7047395E-01  2.2466111E+01
  9.7056716E-01  2.2474953E+01
  9.7066048E-01  2.2483802E+01
  9.7075390E-01  2.2492659E+01
  9.7084741E-01  2.2501522E+01
  9.7094104E-01  2.2510393E+01
  9.7103476E-01  2.2519272E+01
  9.7112859E-01  2.2528157E+01
  9.7122253E-01  2.2537050E+01
  9.7131657E-01  2.2545950E+01
  9.7141071E-01  2.2554857E+01
  9.7150496E-01  2.2563772E+01
  9.7159931E-01  2.2572694E+01
  9.7169377E-01  2.2581624E+01
  9.7178834E-01  2.2590561E+01
  9.7188301E-01  2.2599505E+01
  9.7197779E-01  2.2608457E+01
  9.7207268E-01  2.2617417E+01
  9.7216767E-01  2.2626384E+01
  9.7226277E-01  2.2635358E+01
  9.7235798E-01  2.2644340E+01
  9.7245330E-01  2.2653329E+01
  9.7254873E-01  2.2662326E+01
  9.7264427E-01  2.2671331E+01
  9.7273991E-01  2.2680343E+01
  9.7283567E-01  2.2689363E+01
  9.7293154E-01  2.2698391E+01
  9.7302752E-01  2.2707426E+01
  9.7312361E-01  2.2716469E+01
  9.7321981E-01  2.2725519E+01
  9.7331612E-01  2.2734577E+01
  9.7341254E-01  2.2743643E+01
  9.7350908E-01  2.2752717E+01
  9.7360573E-01  2.2761798E+01
  9.7370249E-01  2.2770888E+01
  9.7379937E-01  2.2779985E+01
  9.7389636E-01  2.2789090E+01
  9.7399346E-01  2.2798203E+01
  9.7409068E-01  2.2807323E+01
  9.7418802E-01  2.2816452E+01
  9.7428547E-01  2.2825588E+01
  9.7438304E-01  2.2834733E+01
  9.7448072E-01  2.2843885E+01
  9.7457852E-01  2.2853045E+01
  9.7467643E-01  2.2862214E+01
  9.7477447E-01  2.2871390E+01
  9.7487262E-01  2.2880574E+01
  9.7497089E-01  2.2889767E+01
  9.7506928E-01  2.2898967E+01
  9.7516778E-01  2.2908176E+01
  9.7526641E-01  2.2917392E+01
  9.7536516E-01  2.2926617E+01
  9.7546402E-01  2.2935850E+01
  9.7556301E-01  2.2945091E+01
  9.7566212E-01  2.2954341E+01
  9.7576135E-01  2.2963598E+01
  9.7586070E-01  2.2972864E+01
  9.7596017E-01  2.2982138E+01
  9.7605977E-01  2.2991420E+01
  9.7615949E-01  2.3000711E+01
  9.7625933E-01  2.3010010E+01
  9.7635930E-01  2.3019317E+01
  9.7645939E-01  2.3028633E+01
  9.7655960E-01  2.3037957E+01
  9.7665994E-01  2.3047289E+01
  9.7676041E-01  2.3056630E+01
  9.7686100E-01  2.3065979E+01
  9.7696172E-01  2.3075337E+01
  9.7706256E-01  2.3084703E+01
  9.7716354E-01  2.3094078E+01
  9.7726464E-01  2.3103462E+01
  9.7736587E-01  2.3112854E+01
  9.7746722E-01  2.3122254E+01
  9.7756871E-01  2.3131663E+01
  9.7767032E-01  2.3141081E+01
  9.7777207E-01  2.3150507E+01
  9.7787394E-01  2.3159942E+01
  9.7797595E-01  2.3169386E+01
  9.7807809E-01  2.3178839E+01
  9.7818036E-01  2.3188300E+01
  9.7828276E-01  2.3197770E+01
  9.7838529E-01  2.3207248E+01
  9.7848796E-01  2.3216736E+01
  9.7859076E-01  2.3226232E+01
  9.7869369E-01  2.3235738E+01
  9.7879676E-01  2.3245252E+01
  9.7889996E-01  2.3254775E+01
  9.7900330E-01  2.3264307E+01
  9.7910678E-01  2.3273848E+01
  9.7921039E-01  2.3283398E+01
  9.7931414E-01  2.3292957E+01
  9.7941802E-01  2.3302525E+01
  9.7952205E-01  2.3312102E+01
  9.7962621E-01  2.3321688E+01
  9.7973051E-01  2.3331283E+01
  9.7983495E-01  2.3340887E+01
  9.7993953E-01  2.3350501E+01
  9.8004424E-01  2.3360123E+01
  9.8014910E-01  2.3369755E+01
  9.8025411E-01  2.3379396E+01
  9.8035925E-01  2.3389047E+01
  9.8046453E-01  2.3398706E+01
  9.8056996E-01  2.3408375E+01
  9.8067553E-01  2.3418053E+01
  9.8078125E-01  2.3427741E+01
  9.8088710E-01  2.3437438E+01
  9.8099311E-01  2.3447144E+01
  9.8109926E-01  2.3456860E+01
  9.8120555E-01  2.3466585E+01
  9.8131199E-01  2.3476320E+01
  9.8141858E-01  2.3486064E+01
  9.8152532E-01  2.3495818E+01
  9.8163220E-01  2.3505581E+01
  9.8173923E-01  2.3515354E+01
  9.8184641E-01  2.3525136E+01
  9.8195374E-01  2.3534928E+01
  9.8206122E-01  2.3544730E+01
  9.8216885E-01  2.3554542E+01
  9.8227664E-01  2.3564363E+01
  9.8238457E-01  2.3574194E+01
  9.8249265E-01  2.3584035E+01
  9.8260089E-01  2.3593885E+01
  9.8270929E-01  2.3603745E+01
  9.8281783E-01  2.3613616E+01
  9.8292653E-01  2.3623496E+01
  9.8303539E-01  2.3633386E+01
  9.8314440E-01  2.3643286E+01
  9.8325357E-01  2.3653196E+01
  9.8336289E-01  2.3663115E+01
  9.8347238E-01  2.3673045E+01
  9.8358202E-01  2.3682985E+01
  9.8369181E-01  2.3692935E+01
  9.8380177E-01  2.3702896E+01
  9.8391189E-01  2.3712866E+01
  9.8402217E-01  2.3722846E+01
  9.8413261E-01  2.3732837E+01
  9.8424321E-01  2.3742838E+01
  9.8435397E-01  2.3752849E+01
  9.8446490E-01  2.3762871E+01
  9.8457598E-01  2.3772903E+01
  9.8468724E-01  2.3782945E+01
  9.8479866E-01  2.3792997E+01
  9.8491024E-01  2.3803060E+01
  9.8502199E-01  2.3813134E+01
  9.8513390E-01  2.3823217E+01
  9.8524599E-01  2.3833312E+01
  9.8535824E-01  2.3843417E+01
  9.8547066E-01  2.3853532E+01
  9.8558324E-01  2.3863658E+01
  9.8569600E-01  2.3873795E+01
  9.8580893E-01  2.3883942E+01
  9.8592203E-01  2.3894100E+01
  9.8603530E-01  2.3904269E+01
  9.8614874E-01  2.3914448E+01
  9.8626236E-01  2.3924639E+01
  9.8637615E-01  2.3934840E+01
  9.8649011E-01  2.3945052E+01
  9.8660425E-01  2.3955274E+01
  9.8671857E-01  2.3965508E+01
  9.8683306E-01  2.3975753E+01
  9.8694773E-01  2.3986008E+01
  9.8706258E-01  2.3996275E+01
  9.8717760E-01  2.4006553E+01
  9.8729281E-01  2.4016842E+01
  9.8740819E-01  2.4027142E+01
  9.8752376E-01  2.4037453E+01
  9.8763951E-01  2.4047775E+01
  9.8775544E-01  2.4058108E+01
  9.8787155E-01  2.4068453E+01
  9.8798785E-01  2.4078809E+01
  9.8810433E-01  2.4089176E+01
  9.8822099E-01  2.4099555E+01
  9.8833784E-01  2.4109945E+01
  9.8845488E-01  2.4120347E+01
  9.8857210E-01  2.4130760E+01
  9.8868952E-01  2.4141184E+01
  9.8880712E-01  2.4151620E+01
  9.8892491E-01  2.4162068E+01
  9.8904289E-01  2.4172527E+01
  9.8916106E-01  2.4182998E+01
  9.8927943E-01  2.4193480E+01
  9.8939799E-01  2.4203975E+01
  9.8951674E-01  2.4214481E+01
  9.8963568E-01  2.4224998E+01
  9.8975482E-01  2.4235528E+01
  9.8987416E-01  2.4246069E+01
  9.8999369E-01  2.4256623E+01
  9.9011342E-01  2.4267188E+01
  9.9023335E-01  2.4277766E+01
  9.9035348E-01  2.4288355E+01
  9.9047381E-01  2.4298956E+01
  9.9059434E-01  2.4309570E+01
  9.9071507E-01  2.4320195E+01
  9.9083600E-01  2.4330833E+01
  9.9095714E-01  2.4341483E+01
  9.9107848E-01  2.4352145E+01
  9.9120002E-01  2.4362820E+01
  9.9132178E-01  2.4373507E+01
  9.9144373E-01  2.4384206E+01
  9.9156590E-01  2.4394918E+01
  9.9168828E-01  2.4405642E+01
  9.9181086E-01  2.4416379E+01
  9.9193365E-01  2.4427128E+01
  9.9205666E-01  2.4437890E+01
  9.9217988E-01  2.4448664E+01
  9.9230331E-01  2.4459451E+01
  9.9242696E-01  2.4470251E+01
  9.9255082E-01  2.4481064E+01
  9.9267489E-01  2.4491889E+01
  9.9279919E-01  2.4502727E+01
  9.9292370E-01  2.4513578E+01
  9.9304843E-01  2.4524442E+01
  9.9317338E-01  2.4535319E+01
  9.9329855E-01  2.4546209E+01
  9.9342394E-01  2.4557112E+01
  9.9354955E-01  2.4568028E+01
  9.9367539E-01  2.4578958E+01
  9.9380145E-01  2.4589900E+01
  9.9392774E-01  2.4600856E+01
  9.9405425E-01  2.4611825E+01
  9.9418100E-01  2.4622807E+01
  9.9430797E-01  2.4633803E+01
  9.9443517E-01  2.4644812E+01
  9.9456260E-01  2.4655835E+01
  9.9469026E-01  2.4666871E+01
  9.9481816E-01  2.4677920E+01
  9.9494629E-01  2.4688984E+01
  9.9507465E-01  2.4700061E+01
  9.9520325E-01  2.4711151E+01
  9.9533209E-01  2.4722256E+01
  9.9546116E-01  2.4733374E+01
  9.9559048E-01  2.4744506E+01
  9.9572003E-01  2.4755652E+01
  9.9584983E-01  2.4766812E+01
  9.9597987E-01  2.4777986E+01
  9.9611015E-01  2.4789174E+01
  9.9624068E-01  2.4800376E+01
  9.9637145E-01  2.4811593E+01
  9.9650247E-01  2.4822823E+01
  9.9663374E-01  2.4834068E+01
  9.9676526E-01  2.4845327E+01
  9.9689703E-01  2.4856600E+01
  9.9702905E-01  2.4867888E+01
  9.9716132E-01  2.4879191E+01
  9.9729385E-01  2.4890507E+01
  9.9742663E-01  2.4901839E+01
  9.9755967E-01  2.4913185E+01
  9.9769296E-01  2.4924546E+01
  9.9782652E-01  2.4935921E+01
  9.9796034E-01  2.4947311E+01
  9.9809441E-01  2.4958717E+01
  9.9822875E-01  2.4970137E+01
  9.9836336E-01  2.4981572E+01
  9.9849823E-01  2.4993022E+01
  9.9863336E-01  2.5004487E+01
  9.9876877E-01  2.5015967E+01
  9.9890444E-01  2.5027463E+01
  9.9904038E-01  2.5038973E+01
  9.9917660E-01  2.5050500E+01
  9.9931309E-01  2.5062041E+01
  9.9944985E-01  2.5073598E+01
