# PC-SAFT-Titan -- Daniel Cordier
# https://www.researchgate.net/profile/Daniel_Cordier
# http://orcid.org/0000-0003-4515-6271
#
# Computation date: 07/07/2021 -- 20h 09min 43s
# Temperature:   110.00 K
# Species 1: N2    
# Species 2: CH4   
#
# yN2 (vap)      P (bar)      
  2.6965487E-03  8.8292028E-01
  1.1570770E-02  8.9081927E-01
  2.0283281E-02  8.9871217E-01
  2.8838462E-02  9.0659896E-01
  3.7240538E-02  9.1447967E-01
  4.5493583E-02  9.2235430E-01
  5.3601529E-02  9.3022284E-01
  6.1568169E-02  9.3808532E-01
  6.9397168E-02  9.4594172E-01
  7.7092062E-02  9.5379207E-01
  8.4656269E-02  9.6163636E-01
  9.2093092E-02  9.6947460E-01
  9.9405724E-02  9.7730679E-01
  1.0659725E-01  9.8513295E-01
  1.1367066E-01  9.9295308E-01
  1.2062883E-01  1.0007672E+00
  1.2747457E-01  1.0085753E+00
  1.3421058E-01  1.0163773E+00
  1.4083947E-01  1.0241734E+00
  1.4736378E-01  1.0319634E+00
  1.5378598E-01  1.0397475E+00
  1.6010843E-01  1.0475256E+00
  1.6633346E-01  1.0552976E+00
  1.7246329E-01  1.0630637E+00
  1.7850009E-01  1.0708239E+00
  1.8444597E-01  1.0785780E+00
  1.9030297E-01  1.0863262E+00
  1.9607306E-01  1.0940685E+00
  2.0175818E-01  1.1018048E+00
  2.0736017E-01  1.1095352E+00
  2.1288087E-01  1.1172596E+00
  2.1832202E-01  1.1249781E+00
  2.2368533E-01  1.1326906E+00
  2.2897246E-01  1.1403973E+00
  2.3418503E-01  1.1480980E+00
  2.3932461E-01  1.1557928E+00
  2.4439271E-01  1.1634818E+00
  2.4939083E-01  1.1711648E+00
  2.5432040E-01  1.1788419E+00
  2.5918282E-01  1.1865132E+00
  2.6397946E-01  1.1941786E+00
  2.6871165E-01  1.2018381E+00
  2.7338068E-01  1.2094917E+00
  2.7798781E-01  1.2171395E+00
  2.8253425E-01  1.2247815E+00
  2.8702121E-01  1.2324176E+00
  2.9144985E-01  1.2400478E+00
  2.9582129E-01  1.2476722E+00
  3.0013664E-01  1.2552908E+00
  3.0439698E-01  1.2629036E+00
  3.0860334E-01  1.2705106E+00
  3.1275676E-01  1.2781117E+00
  3.1685822E-01  1.2857070E+00
  3.2090871E-01  1.2932966E+00
  3.2490915E-01  1.3008803E+00
  3.2886048E-01  1.3084583E+00
  3.3276359E-01  1.3160305E+00
  3.3661938E-01  1.3235969E+00
  3.4042868E-01  1.3311576E+00
  3.4419234E-01  1.3387124E+00
  3.4791118E-01  1.3462616E+00
  3.5158599E-01  1.3538049E+00
  3.5521756E-01  1.3613426E+00
  3.5880664E-01  1.3688745E+00
  3.6235397E-01  1.3764006E+00
  3.6586028E-01  1.3839211E+00
  3.6932629E-01  1.3914358E+00
  3.7275268E-01  1.3989448E+00
  3.7614012E-01  1.4064481E+00
  3.7948929E-01  1.4139457E+00
  3.8280082E-01  1.4214376E+00
  3.8607535E-01  1.4289238E+00
  3.8931351E-01  1.4364044E+00
  3.9251588E-01  1.4438792E+00
  3.9568306E-01  1.4513484E+00
  3.9881564E-01  1.4588119E+00
  4.0191417E-01  1.4662698E+00
  4.0497921E-01  1.4737220E+00
  4.0801131E-01  1.4811686E+00
  4.1101098E-01  1.4886095E+00
  4.1397875E-01  1.4960448E+00
  4.1691513E-01  1.5034744E+00
  4.1982061E-01  1.5108985E+00
  4.2269569E-01  1.5183169E+00
  4.2554083E-01  1.5257297E+00
  4.2835650E-01  1.5331369E+00
  4.3114316E-01  1.5405385E+00
  4.3390125E-01  1.5479345E+00
  4.3663122E-01  1.5553249E+00
  4.3933349E-01  1.5627097E+00
  4.4200849E-01  1.5700890E+00
  4.4465663E-01  1.5774627E+00
  4.4727830E-01  1.5848308E+00
  4.4987391E-01  1.5921934E+00
  4.5244384E-01  1.5995504E+00
  4.5498848E-01  1.6069018E+00
  4.5750819E-01  1.6142478E+00
  4.6000334E-01  1.6215882E+00
  4.6247430E-01  1.6289230E+00
  4.6492141E-01  1.6362524E+00
  4.6734501E-01  1.6435762E+00
  4.6974545E-01  1.6508945E+00
  4.7212305E-01  1.6582073E+00
  4.7447815E-01  1.6655146E+00
  4.7681106E-01  1.6728164E+00
  4.7912209E-01  1.6801128E+00
  4.8141155E-01  1.6874036E+00
  4.8367975E-01  1.6946890E+00
  4.8592697E-01  1.7019689E+00
  4.8815351E-01  1.7092433E+00
  4.9035966E-01  1.7165123E+00
  4.9254569E-01  1.7237758E+00
  4.9471188E-01  1.7310339E+00
  4.9685850E-01  1.7382866E+00
  4.9898582E-01  1.7455338E+00
  5.0109409E-01  1.7527755E+00
  5.0318357E-01  1.7600119E+00
  5.0525451E-01  1.7672428E+00
  5.0730716E-01  1.7744684E+00
  5.0934175E-01  1.7816885E+00
  5.1135854E-01  1.7889032E+00
  5.1335775E-01  1.7961125E+00
  5.1533961E-01  1.8033164E+00
  5.1730434E-01  1.8105150E+00
  5.1925218E-01  1.8177082E+00
  5.2118333E-01  1.8248960E+00
  5.2309801E-01  1.8320784E+00
  5.2499644E-01  1.8392555E+00
  5.2687881E-01  1.8464272E+00
  5.2874534E-01  1.8535936E+00
  5.3059622E-01  1.8607546E+00
  5.3243165E-01  1.8679103E+00
  5.3425183E-01  1.8750607E+00
  5.3605693E-01  1.8822057E+00
  5.3784716E-01  1.8893454E+00
  5.3962269E-01  1.8964798E+00
  5.4138371E-01  1.9036089E+00
  5.4313039E-01  1.9107327E+00
  5.4486292E-01  1.9178512E+00
  5.4658145E-01  1.9249644E+00
  5.4828616E-01  1.9320724E+00
  5.4997722E-01  1.9391750E+00
  5.5165480E-01  1.9462724E+00
  5.5331904E-01  1.9533645E+00
  5.5497012E-01  1.9604513E+00
  5.5660819E-01  1.9675329E+00
  5.5823340E-01  1.9746092E+00
  5.5984590E-01  1.9816803E+00
  5.6144585E-01  1.9887461E+00
  5.6303339E-01  1.9958067E+00
  5.6460866E-01  2.0028621E+00
  5.6617182E-01  2.0099123E+00
  5.6772298E-01  2.0169572E+00
  5.6926231E-01  2.0239969E+00
  5.7078992E-01  2.0310314E+00
  5.7230596E-01  2.0380607E+00
  5.7381056E-01  2.0450849E+00
  5.7530385E-01  2.0521038E+00
  5.7678595E-01  2.0591175E+00
  5.7825699E-01  2.0661261E+00
  5.7971709E-01  2.0731295E+00
  5.8116638E-01  2.0801277E+00
  5.8260498E-01  2.0871208E+00
  5.8403300E-01  2.0941087E+00
  5.8545057E-01  2.1010915E+00
  5.8685779E-01  2.1080691E+00
  5.8825479E-01  2.1150415E+00
  5.8964167E-01  2.1220089E+00
  5.9101854E-01  2.1289711E+00
  5.9238552E-01  2.1359282E+00
  5.9374270E-01  2.1428802E+00
  5.9509020E-01  2.1498270E+00
  5.9642811E-01  2.1567688E+00
  5.9775655E-01  2.1637054E+00
  5.9907561E-01  2.1706370E+00
  6.0038539E-01  2.1775634E+00
  6.0168599E-01  2.1844848E+00
  6.0297750E-01  2.1914011E+00
  6.0426003E-01  2.1983123E+00
  6.0553367E-01  2.2052185E+00
  6.0679850E-01  2.2121196E+00
  6.0805462E-01  2.2190157E+00
  6.0930213E-01  2.2259066E+00
  6.1054110E-01  2.2327926E+00
  6.1177164E-01  2.2396735E+00
  6.1299381E-01  2.2465494E+00
  6.1420772E-01  2.2534202E+00
  6.1541344E-01  2.2602860E+00
  6.1661106E-01  2.2671468E+00
  6.1780065E-01  2.2740026E+00
  6.1898231E-01  2.2808534E+00
  6.2015611E-01  2.2876991E+00
  6.2132212E-01  2.2945399E+00
  6.2248043E-01  2.3013757E+00
  6.2363112E-01  2.3082065E+00
  6.2477425E-01  2.3150323E+00
  6.2590991E-01  2.3218531E+00
  6.2703816E-01  2.3286690E+00
  6.2815908E-01  2.3354799E+00
  6.2927275E-01  2.3422859E+00
  6.3037923E-01  2.3490869E+00
  6.3147859E-01  2.3558829E+00
  6.3257090E-01  2.3626740E+00
  6.3365623E-01  2.3694602E+00
  6.3473465E-01  2.3762414E+00
  6.3580622E-01  2.3830177E+00
  6.3687101E-01  2.3897891E+00
  6.3792908E-01  2.3965555E+00
  6.3898050E-01  2.4033171E+00
  6.4002533E-01  2.4100737E+00
  6.4106363E-01  2.4168255E+00
  6.4209547E-01  2.4235723E+00
  6.4312090E-01  2.4303143E+00
  6.4413999E-01  2.4370514E+00
  6.4515279E-01  2.4437836E+00
  6.4615936E-01  2.4505109E+00
  6.4715977E-01  2.4572334E+00
  6.4815406E-01  2.4639509E+00
  6.4914229E-01  2.4706637E+00
  6.5012453E-01  2.4773716E+00
  6.5110082E-01  2.4840746E+00
  6.5207122E-01  2.4907728E+00
  6.5303578E-01  2.4974661E+00
  6.5399456E-01  2.5041547E+00
  6.5494760E-01  2.5108384E+00
  6.5589497E-01  2.5175172E+00
  6.5683670E-01  2.5241913E+00
  6.5777286E-01  2.5308605E+00
  6.5870349E-01  2.5375250E+00
  6.5962864E-01  2.5441846E+00
  6.6054836E-01  2.5508395E+00
  6.6146269E-01  2.5574895E+00
  6.6237169E-01  2.5641348E+00
  6.6327541E-01  2.5707753E+00
  6.6417388E-01  2.5774110E+00
  6.6506716E-01  2.5840420E+00
  6.6595528E-01  2.5906682E+00
  6.6683830E-01  2.5972896E+00
  6.6771626E-01  2.6039063E+00
  6.6858921E-01  2.6105182E+00
  6.6945718E-01  2.6171254E+00
  6.7032022E-01  2.6237278E+00
  6.7117837E-01  2.6303255E+00
  6.7203167E-01  2.6369185E+00
  6.7288017E-01  2.6435068E+00
  6.7372391E-01  2.6500903E+00
  6.7456292E-01  2.6566692E+00
  6.7539725E-01  2.6632433E+00
  6.7622693E-01  2.6698127E+00
  6.7705201E-01  2.6763775E+00
  6.7787253E-01  2.6829375E+00
  6.7868851E-01  2.6894929E+00
  6.7950001E-01  2.6960435E+00
  6.8030705E-01  2.7025895E+00
  6.8110967E-01  2.7091309E+00
  6.8190792E-01  2.7156675E+00
  6.8270182E-01  2.7221995E+00
  6.8349142E-01  2.7287269E+00
  6.8427674E-01  2.7352495E+00
  6.8505783E-01  2.7417676E+00
  6.8583472E-01  2.7482810E+00
  6.8660743E-01  2.7547898E+00
  6.8737602E-01  2.7612939E+00
  6.8814050E-01  2.7677934E+00
  6.8890091E-01  2.7742883E+00
  6.8965729E-01  2.7807786E+00
  6.9040967E-01  2.7872643E+00
  6.9115808E-01  2.7937453E+00
  6.9190255E-01  2.8002218E+00
  6.9264311E-01  2.8066937E+00
  6.9337980E-01  2.8131609E+00
  6.9411264E-01  2.8196236E+00
  6.9484167E-01  2.8260818E+00
  6.9556691E-01  2.8325353E+00
  6.9628839E-01  2.8389843E+00
  6.9700616E-01  2.8454287E+00
  6.9772022E-01  2.8518685E+00
  6.9843062E-01  2.8583038E+00
  6.9913738E-01  2.8647346E+00
  6.9984053E-01  2.8711608E+00
  7.0054010E-01  2.8775824E+00
  7.0123611E-01  2.8839995E+00
  7.0192859E-01  2.8904121E+00
  7.0261758E-01  2.8968202E+00
  7.0330309E-01  2.9032238E+00
  7.0398515E-01  2.9096228E+00
  7.0466380E-01  2.9160173E+00
  7.0533905E-01  2.9224073E+00
  7.0601093E-01  2.9287929E+00
  7.0667947E-01  2.9351739E+00
  7.0734469E-01  2.9415504E+00
  7.0800661E-01  2.9479225E+00
  7.0866527E-01  2.9542901E+00
  7.0932069E-01  2.9606531E+00
  7.0997288E-01  2.9670118E+00
  7.1062189E-01  2.9733659E+00
  7.1126772E-01  2.9797156E+00
  7.1191040E-01  2.9860609E+00
  7.1254995E-01  2.9924017E+00
  7.1318641E-01  2.9987380E+00
  7.1381979E-01  3.0050699E+00
  7.1445011E-01  3.0113974E+00
  7.1507740E-01  3.0177204E+00
  7.1570167E-01  3.0240390E+00
  7.1632296E-01  3.0303532E+00
  7.1694128E-01  3.0366630E+00
  7.1755665E-01  3.0429684E+00
  7.1816910E-01  3.0492693E+00
  7.1877865E-01  3.0555659E+00
  7.1938531E-01  3.0618581E+00
  7.1998911E-01  3.0681458E+00
  7.2059007E-01  3.0744292E+00
  7.2118821E-01  3.0807082E+00
  7.2178355E-01  3.0869828E+00
  7.2237611E-01  3.0932531E+00
  7.2296591E-01  3.0995189E+00
  7.2355296E-01  3.1057805E+00
  7.2413729E-01  3.1120376E+00
  7.2471893E-01  3.1182904E+00
  7.2529787E-01  3.1245389E+00
  7.2587415E-01  3.1307830E+00
  7.2644779E-01  3.1370228E+00
  7.2701880E-01  3.1432582E+00
  7.2758720E-01  3.1494893E+00
  7.2815301E-01  3.1557161E+00
  7.2871624E-01  3.1619386E+00
  7.2927692E-01  3.1681567E+00
  7.2983506E-01  3.1743706E+00
  7.3039068E-01  3.1805801E+00
  7.3094380E-01  3.1867853E+00
  7.3149444E-01  3.1929863E+00
  7.3204260E-01  3.1991829E+00
  7.3258832E-01  3.2053753E+00
  7.3313160E-01  3.2115634E+00
  7.3367246E-01  3.2177472E+00
  7.3421092E-01  3.2239267E+00
  7.3474699E-01  3.2301019E+00
  7.3528069E-01  3.2362729E+00
  7.3581204E-01  3.2424397E+00
  7.3634106E-01  3.2486022E+00
  7.3686775E-01  3.2547604E+00
  7.3739213E-01  3.2609144E+00
  7.3791423E-01  3.2670642E+00
  7.3843404E-01  3.2732097E+00
  7.3895160E-01  3.2793510E+00
  7.3946691E-01  3.2854881E+00
  7.3998000E-01  3.2916209E+00
  7.4049086E-01  3.2977495E+00
  7.4099953E-01  3.3038740E+00
  7.4150600E-01  3.3099942E+00
  7.4201031E-01  3.3161102E+00
  7.4251246E-01  3.3222220E+00
  7.4301246E-01  3.3283296E+00
  7.4351034E-01  3.3344331E+00
  7.4400609E-01  3.3405323E+00
  7.4449975E-01  3.3466274E+00
  7.4499132E-01  3.3527183E+00
  7.4548081E-01  3.3588050E+00
  7.4596824E-01  3.3648876E+00
  7.4645362E-01  3.3709660E+00
  7.4693697E-01  3.3770403E+00
  7.4741829E-01  3.3831104E+00
  7.4789761E-01  3.3891764E+00
  7.4837493E-01  3.3952382E+00
  7.4885026E-01  3.4012959E+00
  7.4932363E-01  3.4073494E+00
  7.4979503E-01  3.4133988E+00
  7.5026449E-01  3.4194441E+00
  7.5073202E-01  3.4254853E+00
  7.5119762E-01  3.4315224E+00
  7.5166132E-01  3.4375553E+00
  7.5212312E-01  3.4435842E+00
  7.5258303E-01  3.4496090E+00
  7.5304107E-01  3.4556296E+00
  7.5349724E-01  3.4616462E+00
  7.5395157E-01  3.4676587E+00
  7.5440406E-01  3.4736671E+00
  7.5485472E-01  3.4796714E+00
  7.5530356E-01  3.4856717E+00
  7.5575060E-01  3.4916679E+00
  7.5619584E-01  3.4976600E+00
  7.5663930E-01  3.5036481E+00
  7.5708099E-01  3.5096321E+00
  7.5752092E-01  3.5156120E+00
  7.5795910E-01  3.5215880E+00
  7.5839554E-01  3.5275598E+00
  7.5883025E-01  3.5335277E+00
  7.5926325E-01  3.5394915E+00
  7.5969453E-01  3.5454513E+00
  7.6012412E-01  3.5514070E+00
  7.6055202E-01  3.5573588E+00
  7.6097824E-01  3.5633065E+00
  7.6140280E-01  3.5692502E+00
  7.6182570E-01  3.5751900E+00
  7.6224695E-01  3.5811257E+00
  7.6266657E-01  3.5870574E+00
  7.6308455E-01  3.5929851E+00
  7.6350092E-01  3.5989089E+00
  7.6391569E-01  3.6048286E+00
  7.6432885E-01  3.6107444E+00
  7.6474043E-01  3.6166563E+00
  7.6515042E-01  3.6225641E+00
  7.6555885E-01  3.6284680E+00
  7.6596571E-01  3.6343679E+00
  7.6637102E-01  3.6402639E+00
  7.6677479E-01  3.6461559E+00
  7.6717703E-01  3.6520440E+00
  7.6757774E-01  3.6579281E+00
  7.6797694E-01  3.6638083E+00
  7.6837463E-01  3.6696846E+00
  7.6877082E-01  3.6755569E+00
  7.6916552E-01  3.6814253E+00
  7.6955874E-01  3.6872898E+00
  7.6995049E-01  3.6931504E+00
  7.7034077E-01  3.6990070E+00
  7.7072960E-01  3.7048598E+00
  7.7111699E-01  3.7107086E+00
  7.7150293E-01  3.7165536E+00
  7.7188744E-01  3.7223947E+00
  7.7227054E-01  3.7282318E+00
  7.7265221E-01  3.7340651E+00
  7.7303249E-01  3.7398946E+00
  7.7341136E-01  3.7457201E+00
  7.7378884E-01  3.7515418E+00
  7.7416494E-01  3.7573596E+00
  7.7453967E-01  3.7631735E+00
  7.7491303E-01  3.7689836E+00
  7.7528503E-01  3.7747898E+00
  7.7565568E-01  3.7805922E+00
  7.7602499E-01  3.7863907E+00
  7.7639296E-01  3.7921854E+00
  7.7675960E-01  3.7979763E+00
  7.7712492E-01  3.8037633E+00
  7.7748893E-01  3.8095465E+00
  7.7785163E-01  3.8153259E+00
  7.7821303E-01  3.8211014E+00
  7.7857314E-01  3.8268732E+00
  7.7893196E-01  3.8326411E+00
  7.7928951E-01  3.8384052E+00
  7.7964578E-01  3.8441656E+00
  7.8000080E-01  3.8499221E+00
  7.8035455E-01  3.8556748E+00
  7.8070706E-01  3.8614238E+00
  7.8105832E-01  3.8671689E+00
  7.8140834E-01  3.8729103E+00
  7.8175714E-01  3.8786479E+00
  7.8210471E-01  3.8843818E+00
  7.8245107E-01  3.8901118E+00
  7.8279621E-01  3.8958381E+00
  7.8314016E-01  3.9015607E+00
  7.8348290E-01  3.9072795E+00
  7.8382446E-01  3.9129945E+00
  7.8416483E-01  3.9187058E+00
  7.8450403E-01  3.9244134E+00
  7.8484205E-01  3.9301172E+00
  7.8517891E-01  3.9358173E+00
  7.8551462E-01  3.9415137E+00
  7.8584916E-01  3.9472063E+00
  7.8618257E-01  3.9528952E+00
  7.8651483E-01  3.9585804E+00
  7.8684596E-01  3.9642619E+00
  7.8717596E-01  3.9699397E+00
  7.8750484E-01  3.9756138E+00
  7.8783260E-01  3.9812841E+00
  7.8815925E-01  3.9869508E+00
  7.8848480E-01  3.9926138E+00
  7.8880925E-01  3.9982731E+00
  7.8913261E-01  4.0039287E+00
  7.8945488E-01  4.0095807E+00
  7.8977606E-01  4.0152290E+00
  7.9009618E-01  4.0208736E+00
  7.9041522E-01  4.0265145E+00
  7.9073320E-01  4.0321518E+00
  7.9105012E-01  4.0377854E+00
  7.9136598E-01  4.0434154E+00
  7.9168080E-01  4.0490417E+00
  7.9199457E-01  4.0546644E+00
  7.9230731E-01  4.0602834E+00
  7.9261901E-01  4.0658988E+00
  7.9292969E-01  4.0715106E+00
  7.9323935E-01  4.0771188E+00
  7.9354799E-01  4.0827233E+00
  7.9385562E-01  4.0883242E+00
  7.9416225E-01  4.0939215E+00
  7.9446787E-01  4.0995151E+00
  7.9477250E-01  4.1051052E+00
  7.9507614E-01  4.1106917E+00
  7.9537879E-01  4.1162746E+00
  7.9568046E-01  4.1218538E+00
  7.9598116E-01  4.1274295E+00
  7.9628088E-01  4.1330016E+00
  7.9657964E-01  4.1385701E+00
  7.9687744E-01  4.1441351E+00
  7.9717429E-01  4.1496964E+00
  7.9747018E-01  4.1552542E+00
  7.9776512E-01  4.1608085E+00
  7.9805913E-01  4.1663591E+00
  7.9835220E-01  4.1719063E+00
  7.9864433E-01  4.1774498E+00
  7.9893554E-01  4.1829898E+00
  7.9922582E-01  4.1885263E+00
  7.9951519E-01  4.1940592E+00
  7.9980364E-01  4.1995886E+00
  8.0009118E-01  4.2051145E+00
  8.0037782E-01  4.2106368E+00
  8.0066356E-01  4.2161556E+00
  8.0094840E-01  4.2216709E+00
  8.0123235E-01  4.2271827E+00
  8.0151541E-01  4.2326909E+00
  8.0179759E-01  4.2381957E+00
  8.0207889E-01  4.2436969E+00
  8.0235932E-01  4.2491946E+00
  8.0263888E-01  4.2546889E+00
  8.0291757E-01  4.2601797E+00
  8.0319540E-01  4.2656669E+00
  8.0347237E-01  4.2711507E+00
  8.0374849E-01  4.2766310E+00
  8.0402376E-01  4.2821078E+00
  8.0429818E-01  4.2875812E+00
  8.0457177E-01  4.2930511E+00
  8.0484452E-01  4.2985175E+00
  8.0511643E-01  4.3039805E+00
  8.0538751E-01  4.3094400E+00
  8.0565778E-01  4.3148961E+00
  8.0592722E-01  4.3203487E+00
  8.0619584E-01  4.3257978E+00
  8.0646365E-01  4.3312436E+00
  8.0673065E-01  4.3366859E+00
  8.0699684E-01  4.3421247E+00
  8.0726224E-01  4.3475602E+00
  8.0752683E-01  4.3529922E+00
  8.0779063E-01  4.3584208E+00
  8.0805364E-01  4.3638460E+00
  8.0831587E-01  4.3692677E+00
  8.0857731E-01  4.3746861E+00
  8.0883797E-01  4.3801010E+00
  8.0909786E-01  4.3855126E+00
  8.0935698E-01  4.3909208E+00
  8.0961533E-01  4.3963255E+00
  8.0987291E-01  4.4017269E+00
  8.1012973E-01  4.4071249E+00
  8.1038580E-01  4.4125195E+00
  8.1064111E-01  4.4179108E+00
  8.1089567E-01  4.4232986E+00
  8.1114948E-01  4.4286831E+00
  8.1140255E-01  4.4340643E+00
  8.1165488E-01  4.4394421E+00
  8.1190647E-01  4.4448165E+00
  8.1215733E-01  4.4501876E+00
  8.1240746E-01  4.4555553E+00
  8.1265687E-01  4.4609197E+00
  8.1290555E-01  4.4662807E+00
  8.1315351E-01  4.4716384E+00
  8.1340075E-01  4.4769928E+00
  8.1364728E-01  4.4823438E+00
  8.1389310E-01  4.4876915E+00
  8.1413822E-01  4.4930359E+00
  8.1438263E-01  4.4983770E+00
  8.1462634E-01  4.5037148E+00
  8.1486935E-01  4.5090492E+00
  8.1511167E-01  4.5143804E+00
  8.1535330E-01  4.5197082E+00
  8.1559424E-01  4.5250328E+00
  8.1583449E-01  4.5303540E+00
  8.1607407E-01  4.5356720E+00
  8.1631296E-01  4.5409867E+00
  8.1655119E-01  4.5462981E+00
  8.1678873E-01  4.5516062E+00
  8.1702561E-01  4.5569111E+00
  8.1726182E-01  4.5622126E+00
  8.1749737E-01  4.5675109E+00
  8.1773226E-01  4.5728060E+00
  8.1796649E-01  4.5780978E+00
  8.1820007E-01  4.5833863E+00
  8.1843299E-01  4.5886716E+00
  8.1866527E-01  4.5939537E+00
  8.1889690E-01  4.5992324E+00
  8.1912789E-01  4.6045080E+00
  8.1935823E-01  4.6097803E+00
  8.1958794E-01  4.6150494E+00
  8.1981702E-01  4.6203153E+00
  8.2004546E-01  4.6255779E+00
  8.2027328E-01  4.6308373E+00
  8.2050047E-01  4.6360935E+00
  8.2072703E-01  4.6413465E+00
  8.2095297E-01  4.6465963E+00
  8.2117830E-01  4.6518429E+00
  8.2140301E-01  4.6570862E+00
  8.2162711E-01  4.6623264E+00
  8.2185060E-01  4.6675634E+00
  8.2207348E-01  4.6727972E+00
  8.2229575E-01  4.6780278E+00
  8.2251743E-01  4.6832552E+00
  8.2273850E-01  4.6884795E+00
  8.2295898E-01  4.6937005E+00
  8.2317886E-01  4.6989184E+00
  8.2339815E-01  4.7041332E+00
  8.2361686E-01  4.7093447E+00
  8.2383497E-01  4.7145531E+00
  8.2405250E-01  4.7197584E+00
  8.2426945E-01  4.7249605E+00
  8.2448583E-01  4.7301595E+00
  8.2470162E-01  4.7353553E+00
  8.2491684E-01  4.7405479E+00
  8.2513149E-01  4.7457375E+00
  8.2534557E-01  4.7509239E+00
  8.2555908E-01  4.7561071E+00
  8.2577203E-01  4.7612873E+00
  8.2598441E-01  4.7664643E+00
  8.2619624E-01  4.7716382E+00
  8.2640751E-01  4.7768090E+00
  8.2661822E-01  4.7819767E+00
  8.2682838E-01  4.7871412E+00
  8.2703799E-01  4.7923027E+00
  8.2724705E-01  4.7974611E+00
  8.2745557E-01  4.8026163E+00
  8.2766354E-01  4.8077685E+00
  8.2787098E-01  4.8129176E+00
  8.2807787E-01  4.8180636E+00
  8.2828423E-01  4.8232066E+00
  8.2849005E-01  4.8283464E+00
  8.2869534E-01  4.8334832E+00
  8.2890010E-01  4.8386169E+00
  8.2910433E-01  4.8437475E+00
  8.2930804E-01  4.8488751E+00
  8.2951122E-01  4.8539996E+00
  8.2971389E-01  4.8591211E+00
  8.2991603E-01  4.8642395E+00
  8.3011766E-01  4.8693548E+00
  8.3031877E-01  4.8744672E+00
  8.3051937E-01  4.8795764E+00
  8.3071946E-01  4.8846827E+00
  8.3091904E-01  4.8897859E+00
  8.3111811E-01  4.8948861E+00
  8.3131668E-01  4.8999832E+00
  8.3151475E-01  4.9050774E+00
  8.3171232E-01  4.9101685E+00
  8.3190939E-01  4.9152566E+00
  8.3210596E-01  4.9203417E+00
  8.3230204E-01  4.9254237E+00
  8.3249763E-01  4.9305028E+00
  8.3269272E-01  4.9355789E+00
  8.3288733E-01  4.9406520E+00
  8.3308146E-01  4.9457221E+00
  8.3327509E-01  4.9507892E+00
  8.3346825E-01  4.9558533E+00
  8.3366093E-01  4.9609144E+00
  8.3385313E-01  4.9659726E+00
  8.3404485E-01  4.9710277E+00
  8.3423610E-01  4.9760799E+00
  8.3442687E-01  4.9811292E+00
  8.3461718E-01  4.9861754E+00
  8.3480701E-01  4.9912188E+00
  8.3499638E-01  4.9962591E+00
  8.3518529E-01  5.0012965E+00
  8.3537373E-01  5.0063310E+00
  8.3556171E-01  5.0113625E+00
  8.3574923E-01  5.0163911E+00
  8.3593629E-01  5.0214167E+00
  8.3612290E-01  5.0264394E+00
  8.3630905E-01  5.0314591E+00
  8.3649475E-01  5.0364760E+00
  8.3668000E-01  5.0414899E+00
  8.3686480E-01  5.0465009E+00
  8.3704916E-01  5.0515089E+00
  8.3723307E-01  5.0565141E+00
  8.3741653E-01  5.0615163E+00
  8.3759956E-01  5.0665157E+00
  8.3778214E-01  5.0715121E+00
  8.3796429E-01  5.0765057E+00
  8.3814600E-01  5.0814963E+00
  8.3832728E-01  5.0864841E+00
  8.3850812E-01  5.0914689E+00
  8.3868853E-01  5.0964509E+00
  8.3886851E-01  5.1014300E+00
  8.3904807E-01  5.1064062E+00
  8.3922719E-01  5.1113796E+00
  8.3940590E-01  5.1163500E+00
  8.3958418E-01  5.1213176E+00
  8.3976204E-01  5.1262824E+00
  8.3993948E-01  5.1312443E+00
  8.4011650E-01  5.1362033E+00
  8.4029310E-01  5.1411595E+00
  8.4046929E-01  5.1461128E+00
  8.4064507E-01  5.1510633E+00
  8.4082043E-01  5.1560109E+00
  8.4099539E-01  5.1609557E+00
  8.4116993E-01  5.1658977E+00
  8.4134407E-01  5.1708368E+00
  8.4151781E-01  5.1757731E+00
  8.4169114E-01  5.1807065E+00
  8.4186406E-01  5.1856372E+00
  8.4203659E-01  5.1905650E+00
  8.4220872E-01  5.1954900E+00
  8.4238045E-01  5.2004123E+00
  8.4255178E-01  5.2053317E+00
  8.4272272E-01  5.2102483E+00
  8.4289327E-01  5.2151620E+00
  8.4306342E-01  5.2200730E+00
  8.4323319E-01  5.2249812E+00
  8.4340256E-01  5.2298867E+00
  8.4357155E-01  5.2347893E+00
  8.4374015E-01  5.2396891E+00
  8.4390837E-01  5.2445862E+00
  8.4407621E-01  5.2494805E+00
  8.4424366E-01  5.2543720E+00
  8.4441073E-01  5.2592607E+00
  8.4457743E-01  5.2641467E+00
  8.4474375E-01  5.2690299E+00
  8.4490969E-01  5.2739104E+00
  8.4507526E-01  5.2787881E+00
  8.4524045E-01  5.2836631E+00
  8.4540527E-01  5.2885353E+00
  8.4556973E-01  5.2934047E+00
  8.4573381E-01  5.2982714E+00
  8.4589753E-01  5.3031354E+00
  8.4606088E-01  5.3079966E+00
  8.4622386E-01  5.3128552E+00
  8.4638649E-01  5.3177109E+00
  8.4654875E-01  5.3225640E+00
  8.4671065E-01  5.3274143E+00
  8.4687219E-01  5.3322619E+00
  8.4703337E-01  5.3371068E+00
  8.4719420E-01  5.3419490E+00
  8.4735467E-01  5.3467885E+00
  8.4751479E-01  5.3516253E+00
  8.4767455E-01  5.3564594E+00
  8.4783396E-01  5.3612908E+00
  8.4799302E-01  5.3661195E+00
  8.4815174E-01  5.3709455E+00
  8.4831010E-01  5.3757688E+00
  8.4846812E-01  5.3805894E+00
  8.4862580E-01  5.3854073E+00
  8.4878313E-01  5.3902226E+00
  8.4894011E-01  5.3950352E+00
  8.4909676E-01  5.3998451E+00
  8.4925307E-01  5.4046524E+00
  8.4940903E-01  5.4094570E+00
  8.4956466E-01  5.4142589E+00
  8.4971996E-01  5.4190582E+00
  8.4987492E-01  5.4238548E+00
  8.5002954E-01  5.4286488E+00
  8.5018383E-01  5.4334401E+00
  8.5033779E-01  5.4382288E+00
  8.5049142E-01  5.4430149E+00
  8.5064472E-01  5.4477983E+00
  8.5079769E-01  5.4525791E+00
  8.5095034E-01  5.4573572E+00
  8.5110266E-01  5.4621327E+00
  8.5125465E-01  5.4669056E+00
  8.5140633E-01  5.4716759E+00
  8.5155768E-01  5.4764436E+00
  8.5170871E-01  5.4812086E+00
  8.5185941E-01  5.4859711E+00
  8.5200980E-01  5.4907309E+00
  8.5215988E-01  5.4954881E+00
  8.5230963E-01  5.5002428E+00
  8.5245907E-01  5.5049948E+00
  8.5260820E-01  5.5097442E+00
  8.5275701E-01  5.5144911E+00
  8.5290552E-01  5.5192354E+00
  8.5305371E-01  5.5239770E+00
  8.5320159E-01  5.5287161E+00
  8.5334916E-01  5.5334527E+00
  8.5349642E-01  5.5381866E+00
  8.5364338E-01  5.5429180E+00
  8.5379003E-01  5.5476468E+00
  8.5393638E-01  5.5523731E+00
  8.5408243E-01  5.5570968E+00
  8.5422817E-01  5.5618179E+00
  8.5437361E-01  5.5665365E+00
  8.5451875E-01  5.5712525E+00
  8.5466360E-01  5.5759660E+00
  8.5480814E-01  5.5806770E+00
  8.5495239E-01  5.5853854E+00
  8.5509634E-01  5.5900912E+00
  8.5523999E-01  5.5947946E+00
  8.5538336E-01  5.5994954E+00
  8.5552643E-01  5.6041936E+00
  8.5566920E-01  5.6088894E+00
  8.5581169E-01  5.6135826E+00
  8.5595389E-01  5.6182733E+00
  8.5609580E-01  5.6229615E+00
  8.5623742E-01  5.6276472E+00
  8.5637875E-01  5.6323304E+00
  8.5651980E-01  5.6370111E+00
  8.5666056E-01  5.6416893E+00
  8.5680104E-01  5.6463650E+00
  8.5694123E-01  5.6510381E+00
  8.5708115E-01  5.6557088E+00
  8.5722078E-01  5.6603771E+00
  8.5736014E-01  5.6650428E+00
  8.5749921E-01  5.6697060E+00
  8.5763801E-01  5.6743668E+00
  8.5777652E-01  5.6790251E+00
  8.5791477E-01  5.6836809E+00
  8.5805273E-01  5.6883342E+00
  8.5819043E-01  5.6929851E+00
  8.5832785E-01  5.6976335E+00
  8.5846499E-01  5.7022795E+00
  8.5860187E-01  5.7069230E+00
  8.5873848E-01  5.7115641E+00
  8.5887481E-01  5.7162027E+00
  8.5901088E-01  5.7208388E+00
  8.5914668E-01  5.7254726E+00
  8.5928221E-01  5.7301038E+00
  8.5941747E-01  5.7347327E+00
  8.5955248E-01  5.7393591E+00
  8.5968721E-01  5.7439831E+00
  8.5982169E-01  5.7486046E+00
  8.5995590E-01  5.7532238E+00
  8.6008985E-01  5.7578405E+00
  8.6022353E-01  5.7624548E+00
  8.6035696E-01  5.7670666E+00
  8.6049013E-01  5.7716761E+00
  8.6062304E-01  5.7762832E+00
  8.6075570E-01  5.7808878E+00
  8.6088810E-01  5.7854901E+00
  8.6102024E-01  5.7900899E+00
  8.6115213E-01  5.7946874E+00
  8.6128376E-01  5.7992825E+00
  8.6141514E-01  5.8038752E+00
  8.6154627E-01  5.8084655E+00
  8.6167715E-01  5.8130534E+00
  8.6180778E-01  5.8176389E+00
  8.6193816E-01  5.8222221E+00
  8.6206828E-01  5.8268029E+00
  8.6219817E-01  5.8313813E+00
  8.6232780E-01  5.8359573E+00
  8.6245719E-01  5.8405310E+00
  8.6258633E-01  5.8451024E+00
  8.6271523E-01  5.8496713E+00
  8.6284388E-01  5.8542380E+00
  8.6297229E-01  5.8588022E+00
  8.6310046E-01  5.8633642E+00
  8.6322839E-01  5.8679237E+00
  8.6335607E-01  5.8724810E+00
  8.6348352E-01  5.8770359E+00
  8.6361073E-01  5.8815885E+00
  8.6373769E-01  5.8861387E+00
  8.6386443E-01  5.8906866E+00
  8.6399092E-01  5.8952322E+00
  8.6411718E-01  5.8997754E+00
  8.6424320E-01  5.9043164E+00
  8.6436899E-01  5.9088550E+00
  8.6449455E-01  5.9133913E+00
  8.6461987E-01  5.9179253E+00
  8.6474496E-01  5.9224570E+00
  8.6486982E-01  5.9269864E+00
  8.6499445E-01  5.9315135E+00
  8.6511884E-01  5.9360383E+00
  8.6524301E-01  5.9405608E+00
  8.6536695E-01  5.9450810E+00
  8.6549067E-01  5.9495990E+00
  8.6561415E-01  5.9541146E+00
  8.6573741E-01  5.9586280E+00
  8.6586045E-01  5.9631390E+00
  8.6598326E-01  5.9676478E+00
  8.6610584E-01  5.9721544E+00
  8.6622820E-01  5.9766586E+00
  8.6635034E-01  5.9811606E+00
  8.6647226E-01  5.9856604E+00
  8.6659396E-01  5.9901578E+00
  8.6671543E-01  5.9946531E+00
  8.6683669E-01  5.9991460E+00
  8.6695773E-01  6.0036367E+00
  8.6707855E-01  6.0081252E+00
  8.6719915E-01  6.0126114E+00
  8.6731953E-01  6.0170954E+00
  8.6743970E-01  6.0215771E+00
  8.6755965E-01  6.0260566E+00
  8.6767939E-01  6.0305339E+00
  8.6779891E-01  6.0350090E+00
  8.6791822E-01  6.0394818E+00
  8.6803732E-01  6.0439524E+00
  8.6815621E-01  6.0484207E+00
  8.6827488E-01  6.0528869E+00
  8.6839334E-01  6.0573508E+00
  8.6851160E-01  6.0618126E+00
  8.6862964E-01  6.0662721E+00
  8.6874747E-01  6.0707294E+00
  8.6886510E-01  6.0751846E+00
  8.6898252E-01  6.0796375E+00
  8.6909973E-01  6.0840882E+00
  8.6921674E-01  6.0885367E+00
  8.6933354E-01  6.0929831E+00
  8.6945013E-01  6.0974272E+00
  8.6956652E-01  6.1018692E+00
  8.6968271E-01  6.1063090E+00
  8.6979869E-01  6.1107466E+00
  8.6991448E-01  6.1151821E+00
  8.7003006E-01  6.1196153E+00
  8.7014544E-01  6.1240464E+00
  8.7026062E-01  6.1284754E+00
  8.7037559E-01  6.1329021E+00
  8.7049037E-01  6.1373268E+00
  8.7060496E-01  6.1417492E+00
  8.7071934E-01  6.1461695E+00
  8.7083352E-01  6.1505877E+00
  8.7094751E-01  6.1550037E+00
  8.7106131E-01  6.1594175E+00
  8.7117491E-01  6.1638293E+00
  8.7128831E-01  6.1682389E+00
  8.7140152E-01  6.1726463E+00
  8.7151453E-01  6.1770516E+00
  8.7162735E-01  6.1814548E+00
  8.7173998E-01  6.1858559E+00
  8.7185242E-01  6.1902548E+00
  8.7196467E-01  6.1946516E+00
  8.7207672E-01  6.1990463E+00
  8.7218859E-01  6.2034389E+00
  8.7230026E-01  6.2078294E+00
  8.7241175E-01  6.2122178E+00
  8.7252305E-01  6.2166040E+00
  8.7263416E-01  6.2209882E+00
  8.7274508E-01  6.2253702E+00
  8.7285582E-01  6.2297502E+00
  8.7296637E-01  6.2341281E+00
  8.7307674E-01  6.2385039E+00
  8.7318692E-01  6.2428776E+00
  8.7329691E-01  6.2472492E+00
  8.7340672E-01  6.2516187E+00
  8.7351635E-01  6.2559861E+00
  8.7362580E-01  6.2603515E+00
  8.7373506E-01  6.2647148E+00
  8.7384415E-01  6.2690761E+00
  8.7395305E-01  6.2734352E+00
  8.7406177E-01  6.2777923E+00
  8.7417031E-01  6.2821474E+00
  8.7427867E-01  6.2865003E+00
  8.7438686E-01  6.2908513E+00
  8.7449486E-01  6.2952002E+00
  8.7460269E-01  6.2995470E+00
  8.7471034E-01  6.3038918E+00
  8.7481781E-01  6.3082345E+00
  8.7492511E-01  6.3125752E+00
  8.7503223E-01  6.3169139E+00
  8.7513918E-01  6.3212505E+00
  8.7524595E-01  6.3255851E+00
  8.7535255E-01  6.3299176E+00
  8.7545897E-01  6.3342482E+00
  8.7556522E-01  6.3385767E+00
  8.7567130E-01  6.3429032E+00
  8.7577721E-01  6.3472277E+00
  8.7588294E-01  6.3515502E+00
  8.7598851E-01  6.3558706E+00
  8.7609390E-01  6.3601891E+00
  8.7619913E-01  6.3645055E+00
  8.7630418E-01  6.3688200E+00
  8.7640907E-01  6.3731324E+00
  8.7651379E-01  6.3774428E+00
  8.7661834E-01  6.3817513E+00
  8.7672272E-01  6.3860578E+00
  8.7682694E-01  6.3903622E+00
  8.7693099E-01  6.3946647E+00
  8.7703487E-01  6.3989652E+00
  8.7713859E-01  6.4032638E+00
  8.7724214E-01  6.4075603E+00
  8.7734553E-01  6.4118549E+00
  8.7744876E-01  6.4161475E+00
  8.7755182E-01  6.4204382E+00
  8.7765472E-01  6.4247269E+00
  8.7775746E-01  6.4290136E+00
  8.7786003E-01  6.4332983E+00
  8.7796245E-01  6.4375811E+00
  8.7806470E-01  6.4418620E+00
  8.7816679E-01  6.4461409E+00
  8.7826872E-01  6.4504178E+00
  8.7837049E-01  6.4546929E+00
  8.7847211E-01  6.4589659E+00
  8.7857356E-01  6.4632371E+00
  8.7867486E-01  6.4675063E+00
  8.7877600E-01  6.4717735E+00
  8.7887698E-01  6.4760388E+00
  8.7897780E-01  6.4803023E+00
  8.7907847E-01  6.4845637E+00
  8.7917899E-01  6.4888233E+00
  8.7927934E-01  6.4930809E+00
  8.7937955E-01  6.4973367E+00
  8.7947959E-01  6.5015905E+00
  8.7957949E-01  6.5058424E+00
  8.7967923E-01  6.5100924E+00
  8.7977881E-01  6.5143405E+00
  8.7987825E-01  6.5185867E+00
  8.7997753E-01  6.5228310E+00
  8.8007666E-01  6.5270734E+00
  8.8017564E-01  6.5313139E+00
  8.8027447E-01  6.5355525E+00
  8.8037315E-01  6.5397892E+00
  8.8047168E-01  6.5440241E+00
  8.8057005E-01  6.5482570E+00
  8.8066828E-01  6.5524881E+00
  8.8076636E-01  6.5567173E+00
  8.8086430E-01  6.5609446E+00
  8.8096208E-01  6.5651701E+00
  8.8105972E-01  6.5693937E+00
  8.8115721E-01  6.5736154E+00
  8.8125455E-01  6.5778353E+00
  8.8135175E-01  6.5820533E+00
  8.8144880E-01  6.5862695E+00
  8.8154570E-01  6.5904838E+00
  8.8164247E-01  6.5946963E+00
  8.8173908E-01  6.5989069E+00
  8.8183555E-01  6.6031156E+00
  8.8193188E-01  6.6073225E+00
  8.8202807E-01  6.6115276E+00
  8.8212411E-01  6.6157309E+00
  8.8222001E-01  6.6199323E+00
  8.8231577E-01  6.6241319E+00
  8.8241139E-01  6.6283296E+00
  8.8250686E-01  6.6325256E+00
  8.8260220E-01  6.6367197E+00
  8.8269739E-01  6.6409120E+00
  8.8279245E-01  6.6451024E+00
  8.8288736E-01  6.6492911E+00
  8.8298214E-01  6.6534779E+00
  8.8307678E-01  6.6576630E+00
  8.8317128E-01  6.6618462E+00
  8.8326564E-01  6.6660276E+00
  8.8335986E-01  6.6702073E+00
  8.8345395E-01  6.6743851E+00
  8.8354790E-01  6.6785612E+00
  8.8364171E-01  6.6827354E+00
  8.8373539E-01  6.6869079E+00
  8.8382893E-01  6.6910785E+00
  8.8392233E-01  6.6952474E+00
  8.8401561E-01  6.6994145E+00
  8.8410874E-01  6.7035799E+00
  8.8420174E-01  6.7077434E+00
  8.8429461E-01  6.7119052E+00
  8.8438735E-01  6.7160652E+00
  8.8447995E-01  6.7202235E+00
  8.8457242E-01  6.7243800E+00
  8.8466476E-01  6.7285347E+00
  8.8475697E-01  6.7326877E+00
  8.8484904E-01  6.7368389E+00
  8.8494098E-01  6.7409884E+00
  8.8503280E-01  6.7451361E+00
  8.8512448E-01  6.7492820E+00
  8.8521603E-01  6.7534263E+00
  8.8530745E-01  6.7575687E+00
  8.8539875E-01  6.7617095E+00
  8.8548991E-01  6.7658485E+00
  8.8558095E-01  6.7699858E+00
  8.8567186E-01  6.7741213E+00
  8.8576264E-01  6.7782551E+00
  8.8585329E-01  6.7823872E+00
  8.8594382E-01  6.7865176E+00
  8.8603421E-01  6.7906462E+00
  8.8612449E-01  6.7947731E+00
  8.8621463E-01  6.7988984E+00
  8.8630466E-01  6.8030219E+00
  8.8639455E-01  6.8071437E+00
  8.8648432E-01  6.8112637E+00
  8.8657397E-01  6.8153821E+00
  8.8666349E-01  6.8194988E+00
  8.8675289E-01  6.8236138E+00
  8.8684216E-01  6.8277271E+00
  8.8693131E-01  6.8318387E+00
  8.8702034E-01  6.8359486E+00
  8.8710925E-01  6.8400568E+00
  8.8719803E-01  6.8441634E+00
  8.8728669E-01  6.8482682E+00
  8.8737523E-01  6.8523714E+00
  8.8746365E-01  6.8564729E+00
  8.8755195E-01  6.8605728E+00
  8.8764013E-01  6.8646709E+00
  8.8772818E-01  6.8687674E+00
  8.8781612E-01  6.8728622E+00
  8.8790394E-01  6.8769554E+00
  8.8799164E-01  6.8810469E+00
  8.8807922E-01  6.8851368E+00
  8.8816668E-01  6.8892250E+00
  8.8825402E-01  6.8933115E+00
  8.8834125E-01  6.8973964E+00
  8.8842836E-01  6.9014797E+00
  8.8851535E-01  6.9055613E+00
  8.8860222E-01  6.9096412E+00
  8.8868898E-01  6.9137196E+00
  8.8877562E-01  6.9177962E+00
  8.8886214E-01  6.9218713E+00
  8.8894855E-01  6.9259447E+00
  8.8903485E-01  6.9300165E+00
  8.8912103E-01  6.9340867E+00
  8.8920709E-01  6.9381553E+00
  8.8929304E-01  6.9422222E+00
  8.8937888E-01  6.9462875E+00
  8.8946460E-01  6.9503512E+00
  8.8955021E-01  6.9544133E+00
  8.8963571E-01  6.9584738E+00
  8.8972109E-01  6.9625327E+00
  8.8980636E-01  6.9665900E+00
  8.8989152E-01  6.9706457E+00
  8.8997657E-01  6.9746997E+00
  8.9006150E-01  6.9787522E+00
  8.9014632E-01  6.9828031E+00
  8.9023104E-01  6.9868524E+00
  8.9031564E-01  6.9909001E+00
  8.9040013E-01  6.9949463E+00
  8.9048451E-01  6.9989908E+00
  8.9056879E-01  7.0030338E+00
  8.9065295E-01  7.0070752E+00
  8.9073700E-01  7.0111150E+00
  8.9082095E-01  7.0151533E+00
  8.9090479E-01  7.0191899E+00
  8.9098851E-01  7.0232251E+00
  8.9107213E-01  7.0272586E+00
  8.9115565E-01  7.0312906E+00
  8.9123905E-01  7.0353210E+00
  8.9132235E-01  7.0393499E+00
  8.9140554E-01  7.0433773E+00
  8.9148863E-01  7.0474030E+00
  8.9157160E-01  7.0514273E+00
  8.9165448E-01  7.0554500E+00
  8.9173724E-01  7.0594711E+00
  8.9181991E-01  7.0634907E+00
  8.9190246E-01  7.0675088E+00
  8.9198492E-01  7.0715253E+00
  8.9206726E-01  7.0755403E+00
  8.9214951E-01  7.0795538E+00
  8.9223165E-01  7.0835657E+00
  8.9231368E-01  7.0875762E+00
  8.9239561E-01  7.0915851E+00
  8.9247744E-01  7.0955924E+00
  8.9255917E-01  7.0995983E+00
  8.9264079E-01  7.1036027E+00
  8.9272232E-01  7.1076055E+00
  8.9280374E-01  7.1116069E+00
  8.9288505E-01  7.1156067E+00
  8.9296627E-01  7.1196050E+00
  8.9304739E-01  7.1236019E+00
  8.9312840E-01  7.1275972E+00
  8.9320932E-01  7.1315910E+00
  8.9329013E-01  7.1355834E+00
  8.9337084E-01  7.1395743E+00
  8.9345146E-01  7.1435636E+00
  8.9353197E-01  7.1475515E+00
  8.9361239E-01  7.1515379E+00
  8.9369270E-01  7.1555229E+00
  8.9377292E-01  7.1595063E+00
  8.9385304E-01  7.1634883E+00
  8.9393306E-01  7.1674688E+00
  8.9401298E-01  7.1714478E+00
  8.9409281E-01  7.1754254E+00
  8.9417254E-01  7.1794015E+00
  8.9425217E-01  7.1833762E+00
  8.9433170E-01  7.1873494E+00
  8.9441114E-01  7.1913211E+00
  8.9449048E-01  7.1952914E+00
  8.9456972E-01  7.1992602E+00
  8.9464887E-01  7.2032276E+00
  8.9472792E-01  7.2071936E+00
  8.9480688E-01  7.2111581E+00
  8.9488575E-01  7.2151211E+00
  8.9496451E-01  7.2190828E+00
  8.9504319E-01  7.2230429E+00
  8.9512177E-01  7.2270017E+00
  8.9520025E-01  7.2309590E+00
  8.9527864E-01  7.2349149E+00
  8.9535694E-01  7.2388694E+00
  8.9543514E-01  7.2428225E+00
  8.9551325E-01  7.2467741E+00
  8.9559127E-01  7.2507243E+00
  8.9566920E-01  7.2546731E+00
  8.9574703E-01  7.2586205E+00
  8.9582477E-01  7.2625665E+00
  8.9590242E-01  7.2665111E+00
  8.9597998E-01  7.2704543E+00
  8.9605745E-01  7.2743960E+00
  8.9613482E-01  7.2783364E+00
  8.9621211E-01  7.2822754E+00
  8.9628930E-01  7.2862130E+00
  8.9636640E-01  7.2901492E+00
  8.9644342E-01  7.2940840E+00
  8.9652034E-01  7.2980174E+00
  8.9659717E-01  7.3019494E+00
  8.9667392E-01  7.3058801E+00
  8.9675057E-01  7.3098094E+00
  8.9682714E-01  7.3137373E+00
  8.9690362E-01  7.3176638E+00
  8.9698000E-01  7.3215890E+00
  8.9705630E-01  7.3255128E+00
  8.9713252E-01  7.3294352E+00
  8.9720864E-01  7.3333563E+00
  8.9728468E-01  7.3372760E+00
  8.9736063E-01  7.3411943E+00
  8.9743649E-01  7.3451113E+00
  8.9751227E-01  7.3490270E+00
  8.9758795E-01  7.3529413E+00
  8.9766356E-01  7.3568542E+00
  8.9773907E-01  7.3607658E+00
  8.9781450E-01  7.3646761E+00
  8.9788985E-01  7.3685850E+00
  8.9796511E-01  7.3724926E+00
  8.9804028E-01  7.3763988E+00
  8.9811537E-01  7.3803037E+00
  8.9819037E-01  7.3842073E+00
  8.9826529E-01  7.3881096E+00
  8.9834013E-01  7.3920105E+00
  8.9841488E-01  7.3959101E+00
  8.9848955E-01  7.3998084E+00
  8.9856413E-01  7.4037054E+00
  8.9863863E-01  7.4076011E+00
  8.9871305E-01  7.4114954E+00
  8.9878738E-01  7.4153885E+00
  8.9886163E-01  7.4192802E+00
  8.9893580E-01  7.4231706E+00
  8.9900988E-01  7.4270598E+00
  8.9908388E-01  7.4309476E+00
  8.9915781E-01  7.4348341E+00
  8.9923164E-01  7.4387194E+00
  8.9930540E-01  7.4426033E+00
  8.9937908E-01  7.4464860E+00
  8.9945267E-01  7.4503673E+00
  8.9952619E-01  7.4542474E+00
  8.9959962E-01  7.4581262E+00
  8.9967298E-01  7.4620038E+00
  8.9974625E-01  7.4658800E+00
  8.9981944E-01  7.4697550E+00
  8.9989255E-01  7.4736287E+00
  8.9996559E-01  7.4775011E+00
  9.0003854E-01  7.4813723E+00
  9.0011141E-01  7.4852422E+00
  9.0018421E-01  7.4891109E+00
  9.0025693E-01  7.4929783E+00
  9.0032956E-01  7.4968444E+00
  9.0040212E-01  7.5007093E+00
  9.0047460E-01  7.5045729E+00
  9.0054701E-01  7.5084353E+00
  9.0061933E-01  7.5122964E+00
  9.0069158E-01  7.5161563E+00
  9.0076375E-01  7.5200149E+00
  9.0083584E-01  7.5238724E+00
  9.0090786E-01  7.5277285E+00
  9.0097980E-01  7.5315835E+00
  9.0105166E-01  7.5354372E+00
  9.0112345E-01  7.5392897E+00
  9.0119516E-01  7.5431409E+00
  9.0126679E-01  7.5469909E+00
  9.0133835E-01  7.5508397E+00
  9.0140984E-01  7.5546873E+00
  9.0148124E-01  7.5585337E+00
  9.0155257E-01  7.5623789E+00
  9.0162383E-01  7.5662228E+00
  9.0169501E-01  7.5700655E+00
  9.0176612E-01  7.5739071E+00
  9.0183715E-01  7.5777474E+00
  9.0190811E-01  7.5815865E+00
  9.0197900E-01  7.5854245E+00
  9.0204981E-01  7.5892612E+00
  9.0212055E-01  7.5930967E+00
  9.0219121E-01  7.5969311E+00
  9.0226180E-01  7.6007642E+00
  9.0233232E-01  7.6045962E+00
  9.0240276E-01  7.6084270E+00
  9.0247313E-01  7.6122566E+00
  9.0254343E-01  7.6160850E+00
  9.0261366E-01  7.6199123E+00
  9.0268382E-01  7.6237383E+00
  9.0275390E-01  7.6275632E+00
  9.0282391E-01  7.6313870E+00
  9.0289385E-01  7.6352095E+00
  9.0296372E-01  7.6390309E+00
  9.0303351E-01  7.6428512E+00
  9.0310324E-01  7.6466703E+00
  9.0317289E-01  7.6504882E+00
  9.0324248E-01  7.6543050E+00
  9.0331199E-01  7.6581206E+00
  9.0338144E-01  7.6619350E+00
  9.0345081E-01  7.6657484E+00
  9.0352011E-01  7.6695605E+00
  9.0358935E-01  7.6733716E+00
  9.0365851E-01  7.6771815E+00
  9.0372760E-01  7.6809902E+00
  9.0379663E-01  7.6847979E+00
  9.0386559E-01  7.6886044E+00
  9.0393447E-01  7.6924097E+00
  9.0400329E-01  7.6962139E+00
  9.0407204E-01  7.7000171E+00
  9.0414073E-01  7.7038190E+00
  9.0420934E-01  7.7076199E+00
  9.0427788E-01  7.7114197E+00
  9.0434636E-01  7.7152183E+00
  9.0441477E-01  7.7190158E+00
  9.0448312E-01  7.7228122E+00
  9.0455139E-01  7.7266075E+00
  9.0461960E-01  7.7304017E+00
  9.0468774E-01  7.7341948E+00
  9.0475582E-01  7.7379868E+00
  9.0482383E-01  7.7417777E+00
  9.0489177E-01  7.7455675E+00
  9.0495964E-01  7.7493562E+00
  9.0502745E-01  7.7531438E+00
  9.0509520E-01  7.7569304E+00
  9.0516287E-01  7.7607158E+00
  9.0523049E-01  7.7645002E+00
  9.0529803E-01  7.7682835E+00
  9.0536552E-01  7.7720657E+00
  9.0543293E-01  7.7758468E+00
  9.0550028E-01  7.7796268E+00
  9.0556757E-01  7.7834058E+00
  9.0563479E-01  7.7871837E+00
  9.0570195E-01  7.7909606E+00
  9.0576905E-01  7.7947364E+00
  9.0583608E-01  7.7985111E+00
  9.0590304E-01  7.8022847E+00
  9.0596994E-01  7.8060573E+00
  9.0603678E-01  7.8098289E+00
  9.0610356E-01  7.8135994E+00
  9.0617027E-01  7.8173688E+00
  9.0623692E-01  7.8211372E+00
  9.0630351E-01  7.8249046E+00
  9.0637003E-01  7.8286709E+00
  9.0643649E-01  7.8324362E+00
  9.0650289E-01  7.8362004E+00
  9.0656922E-01  7.8399636E+00
  9.0663550E-01  7.8437258E+00
  9.0670171E-01  7.8474869E+00
  9.0676786E-01  7.8512471E+00
  9.0683395E-01  7.8550061E+00
  9.0689998E-01  7.8587642E+00
  9.0696594E-01  7.8625213E+00
  9.0703185E-01  7.8662773E+00
  9.0709769E-01  7.8700323E+00
  9.0716347E-01  7.8737863E+00
  9.0722920E-01  7.8775393E+00
  9.0729486E-01  7.8812913E+00
  9.0736046E-01  7.8850422E+00
  9.0742600E-01  7.8887922E+00
  9.0749148E-01  7.8925412E+00
  9.0755690E-01  7.8962892E+00
  9.0762227E-01  7.9000361E+00
  9.0768757E-01  7.9037821E+00
  9.0775281E-01  7.9075271E+00
  9.0781799E-01  7.9112711E+00
  9.0788312E-01  7.9150141E+00
  9.0794818E-01  7.9187561E+00
  9.0801319E-01  7.9224972E+00
  9.0807814E-01  7.9262373E+00
  9.0814303E-01  7.9299764E+00
  9.0820786E-01  7.9337145E+00
  9.0827263E-01  7.9374516E+00
  9.0833735E-01  7.9411878E+00
  9.0840200E-01  7.9449230E+00
  9.0846660E-01  7.9486572E+00
  9.0853114E-01  7.9523905E+00
  9.0859563E-01  7.9561228E+00
  9.0866005E-01  7.9598542E+00
  9.0872442E-01  7.9635846E+00
  9.0878873E-01  7.9673141E+00
  9.0885299E-01  7.9710426E+00
  9.0891719E-01  7.9747701E+00
  9.0898133E-01  7.9784967E+00
  9.0904542E-01  7.9822224E+00
  9.0910945E-01  7.9859471E+00
  9.0917342E-01  7.9896709E+00
  9.0923734E-01  7.9933938E+00
  9.0930120E-01  7.9971157E+00
  9.0936501E-01  8.0008367E+00
  9.0942876E-01  8.0045567E+00
  9.0949245E-01  8.0082758E+00
  9.0955609E-01  8.0119940E+00
  9.0961967E-01  8.0157113E+00
  9.0968320E-01  8.0194277E+00
  9.0974668E-01  8.0231431E+00
  9.0981010E-01  8.0268577E+00
  9.0987346E-01  8.0305713E+00
  9.0993678E-01  8.0342840E+00
  9.1000003E-01  8.0379958E+00
  9.1006323E-01  8.0417067E+00
  9.1012638E-01  8.0454167E+00
  9.1018948E-01  8.0491258E+00
  9.1025252E-01  8.0528339E+00
  9.1031551E-01  8.0565412E+00
  9.1037844E-01  8.0602476E+00
  9.1044132E-01  8.0639532E+00
  9.1050415E-01  8.0676578E+00
  9.1056692E-01  8.0713615E+00
  9.1062964E-01  8.0750644E+00
  9.1069231E-01  8.0787663E+00
  9.1075493E-01  8.0824674E+00
  9.1081749E-01  8.0861676E+00
  9.1088000E-01  8.0898670E+00
  9.1094246E-01  8.0935654E+00
  9.1100487E-01  8.0972630E+00
  9.1106723E-01  8.1009598E+00
  9.1112953E-01  8.1046556E+00
  9.1119178E-01  8.1083506E+00
  9.1125398E-01  8.1120448E+00
  9.1131613E-01  8.1157381E+00
  9.1137823E-01  8.1194305E+00
  9.1144027E-01  8.1231221E+00
  9.1150227E-01  8.1268128E+00
  9.1156421E-01  8.1305027E+00
  9.1162611E-01  8.1341917E+00
  9.1168795E-01  8.1378799E+00
  9.1174974E-01  8.1415672E+00
  9.1181149E-01  8.1452537E+00
  9.1187318E-01  8.1489394E+00
  9.1193482E-01  8.1526242E+00
  9.1199641E-01  8.1563082E+00
  9.1205796E-01  8.1599914E+00
  9.1211945E-01  8.1636737E+00
  9.1218089E-01  8.1673552E+00
  9.1224229E-01  8.1710359E+00
  9.1230363E-01  8.1747158E+00
  9.1236493E-01  8.1783949E+00
  9.1242617E-01  8.1820731E+00
  9.1248737E-01  8.1857505E+00
  9.1254852E-01  8.1894272E+00
  9.1260962E-01  8.1931030E+00
  9.1267067E-01  8.1967780E+00
  9.1273167E-01  8.2004522E+00
  9.1279263E-01  8.2041256E+00
  9.1285353E-01  8.2077982E+00
  9.1291439E-01  8.2114700E+00
  9.1297520E-01  8.2151410E+00
  9.1303597E-01  8.2188112E+00
  9.1309668E-01  8.2224806E+00
  9.1315735E-01  8.2261492E+00
  9.1321797E-01  8.2298171E+00
  9.1327854E-01  8.2334842E+00
  9.1333907E-01  8.2371505E+00
  9.1339955E-01  8.2408160E+00
  9.1345998E-01  8.2444807E+00
  9.1352037E-01  8.2481447E+00
  9.1358070E-01  8.2518078E+00
  9.1364100E-01  8.2554703E+00
  9.1370124E-01  8.2591319E+00
  9.1376144E-01  8.2627928E+00
  9.1382159E-01  8.2664529E+00
  9.1388170E-01  8.2701123E+00
  9.1394176E-01  8.2737709E+00
  9.1400178E-01  8.2774288E+00
  9.1406175E-01  8.2810859E+00
  9.1412167E-01  8.2847422E+00
  9.1418155E-01  8.2883978E+00
  9.1424138E-01  8.2920527E+00
  9.1430117E-01  8.2957068E+00
  9.1436092E-01  8.2993602E+00
  9.1442061E-01  8.3030128E+00
  9.1448027E-01  8.3066647E+00
  9.1453988E-01  8.3103159E+00
  9.1459944E-01  8.3139664E+00
  9.1465896E-01  8.3176161E+00
  9.1471843E-01  8.3212650E+00
  9.1477787E-01  8.3249133E+00
  9.1483725E-01  8.3285608E+00
  9.1489660E-01  8.3322076E+00
  9.1495589E-01  8.3358537E+00
  9.1501515E-01  8.3394991E+00
  9.1507436E-01  8.3431438E+00
  9.1513353E-01  8.3467878E+00
  9.1519265E-01  8.3504310E+00
  9.1525173E-01  8.3540736E+00
  9.1531077E-01  8.3577154E+00
  9.1536977E-01  8.3613565E+00
  9.1542872E-01  8.3649970E+00
  9.1548763E-01  8.3686367E+00
  9.1554649E-01  8.3722758E+00
  9.1560532E-01  8.3759141E+00
  9.1566410E-01  8.3795518E+00
  9.1572284E-01  8.3831888E+00
  9.1578153E-01  8.3868251E+00
  9.1584019E-01  8.3904607E+00
  9.1589880E-01  8.3940956E+00
  9.1595737E-01  8.3977299E+00
  9.1601590E-01  8.4013635E+00
  9.1607438E-01  8.4049964E+00
  9.1613283E-01  8.4086286E+00
  9.1619123E-01  8.4122602E+00
  9.1624959E-01  8.4158911E+00
  9.1630792E-01  8.4195213E+00
  9.1636619E-01  8.4231509E+00
  9.1642443E-01  8.4267798E+00
  9.1648263E-01  8.4304080E+00
  9.1654079E-01  8.4340357E+00
  9.1659890E-01  8.4376626E+00
  9.1665698E-01  8.4412889E+00
  9.1671501E-01  8.4449146E+00
  9.1677301E-01  8.4485396E+00
  9.1683096E-01  8.4521639E+00
  9.1688888E-01  8.4557876E+00
  9.1694675E-01  8.4594107E+00
  9.1700458E-01  8.4630332E+00
  9.1706238E-01  8.4666550E+00
  9.1712013E-01  8.4702762E+00
  9.1717785E-01  8.4738967E+00
  9.1723552E-01  8.4775166E+00
  9.1729316E-01  8.4811359E+00
  9.1735075E-01  8.4847546E+00
  9.1740831E-01  8.4883727E+00
  9.1746583E-01  8.4919901E+00
  9.1752331E-01  8.4956069E+00
  9.1758075E-01  8.4992231E+00
  9.1763815E-01  8.5028387E+00
  9.1769551E-01  8.5064537E+00
  9.1775283E-01  8.5100681E+00
  9.1781012E-01  8.5136819E+00
  9.1786737E-01  8.5172951E+00
  9.1792457E-01  8.5209076E+00
  9.1798174E-01  8.5245196E+00
  9.1803888E-01  8.5281310E+00
  9.1809597E-01  8.5317418E+00
  9.1815303E-01  8.5353520E+00
  9.1821005E-01  8.5389616E+00
  9.1826703E-01  8.5425706E+00
  9.1832397E-01  8.5461791E+00
  9.1838088E-01  8.5497869E+00
  9.1843775E-01  8.5533942E+00
  9.1849458E-01  8.5570009E+00
  9.1855137E-01  8.5606071E+00
  9.1860813E-01  8.5642126E+00
  9.1866485E-01  8.5678176E+00
  9.1872153E-01  8.5714220E+00
  9.1877818E-01  8.5750259E+00
  9.1883479E-01  8.5786292E+00
  9.1889137E-01  8.5822319E+00
  9.1894790E-01  8.5858341E+00
  9.1900440E-01  8.5894357E+00
  9.1906087E-01  8.5930368E+00
  9.1911730E-01  8.5966373E+00
  9.1917369E-01  8.6002373E+00
  9.1923005E-01  8.6038367E+00
  9.1928637E-01  8.6074356E+00
  9.1934265E-01  8.6110339E+00
  9.1939890E-01  8.6146317E+00
  9.1945512E-01  8.6182290E+00
  9.1951129E-01  8.6218257E+00
  9.1956744E-01  8.6254219E+00
  9.1962354E-01  8.6290175E+00
  9.1967962E-01  8.6326127E+00
  9.1973566E-01  8.6362073E+00
  9.1979166E-01  8.6398013E+00
  9.1984763E-01  8.6433949E+00
  9.1990356E-01  8.6469879E+00
  9.1995946E-01  8.6505805E+00
  9.2001532E-01  8.6541725E+00
  9.2007115E-01  8.6577640E+00
  9.2012695E-01  8.6613549E+00
  9.2018271E-01  8.6649454E+00
  9.2023843E-01  8.6685354E+00
  9.2029413E-01  8.6721248E+00
  9.2034978E-01  8.6757138E+00
  9.2040541E-01  8.6793023E+00
  9.2046100E-01  8.6828903E+00
  9.2051656E-01  8.6864777E+00
  9.2057208E-01  8.6900647E+00
  9.2062757E-01  8.6936512E+00
  9.2068303E-01  8.6972372E+00
  9.2073845E-01  8.7008227E+00
  9.2079384E-01  8.7044078E+00
  9.2084920E-01  8.7079923E+00
  9.2090452E-01  8.7115764E+00
  9.2095981E-01  8.7151600E+00
  9.2101507E-01  8.7187432E+00
  9.2107030E-01  8.7223258E+00
  9.2112549E-01  8.7259080E+00
  9.2118065E-01  8.7294897E+00
  9.2123578E-01  8.7330710E+00
  9.2129087E-01  8.7366518E+00
  9.2134594E-01  8.7402322E+00
  9.2140097E-01  8.7438120E+00
  9.2145597E-01  8.7473915E+00
  9.2151093E-01  8.7509704E+00
  9.2156587E-01  8.7545490E+00
  9.2162077E-01  8.7581270E+00
  9.2167564E-01  8.7617047E+00
  9.2173048E-01  8.7652818E+00
  9.2178529E-01  8.7688586E+00
  9.2184007E-01  8.7724349E+00
  9.2189481E-01  8.7760108E+00
  9.2194952E-01  8.7795862E+00
  9.2200421E-01  8.7831612E+00
  9.2205886E-01  8.7867358E+00
  9.2211348E-01  8.7903099E+00
  9.2216807E-01  8.7938836E+00
  9.2222263E-01  8.7974569E+00
  9.2227716E-01  8.8010298E+00
  9.2233165E-01  8.8046022E+00
  9.2238612E-01  8.8081743E+00
  9.2244056E-01  8.8117459E+00
  9.2249496E-01  8.8153171E+00
  9.2254934E-01  8.8188879E+00
  9.2260368E-01  8.8224583E+00
  9.2265800E-01  8.8260283E+00
  9.2271228E-01  8.8295978E+00
  9.2276654E-01  8.8331670E+00
  9.2282077E-01  8.8367358E+00
  9.2287496E-01  8.8403042E+00
  9.2292913E-01  8.8438722E+00
  9.2298326E-01  8.8474398E+00
  9.2303737E-01  8.8510070E+00
  9.2309145E-01  8.8545738E+00
  9.2314550E-01  8.8581403E+00
  9.2319952E-01  8.8617063E+00
  9.2325351E-01  8.8652720E+00
  9.2330747E-01  8.8688373E+00
  9.2336140E-01  8.8724022E+00
  9.2341530E-01  8.8759668E+00
  9.2346918E-01  8.8795310E+00
  9.2352302E-01  8.8830948E+00
  9.2357684E-01  8.8866582E+00
  9.2363063E-01  8.8902213E+00
  9.2368438E-01  8.8937840E+00
  9.2373812E-01  8.8973464E+00
  9.2379182E-01  8.9009084E+00
  9.2384549E-01  8.9044701E+00
  9.2389914E-01  8.9080313E+00
  9.2395276E-01  8.9115923E+00
  9.2400635E-01  8.9151529E+00
  9.2405991E-01  8.9187131E+00
  9.2411345E-01  8.9222730E+00
  9.2416695E-01  8.9258326E+00
  9.2422043E-01  8.9293918E+00
  9.2427389E-01  8.9329507E+00
  9.2432731E-01  8.9365093E+00
  9.2438071E-01  8.9400675E+00
  9.2443408E-01  8.9436254E+00
  9.2448742E-01  8.9471829E+00
  9.2454074E-01  8.9507402E+00
  9.2459402E-01  8.9542971E+00
  9.2464729E-01  8.9578537E+00
  9.2470052E-01  8.9614100E+00
  9.2475373E-01  8.9649659E+00
  9.2480691E-01  8.9685216E+00
  9.2486006E-01  8.9720769E+00
  9.2491319E-01  8.9756319E+00
  9.2496629E-01  8.9791866E+00
  9.2501937E-01  8.9827410E+00
  9.2507242E-01  8.9862951E+00
  9.2512544E-01  8.9898489E+00
  9.2517844E-01  8.9934025E+00
  9.2523141E-01  8.9969557E+00
  9.2528435E-01  9.0005086E+00
  9.2533727E-01  9.0040612E+00
  9.2539016E-01  9.0076135E+00
  9.2544303E-01  9.0111656E+00
  9.2549587E-01  9.0147174E+00
  9.2554869E-01  9.0182688E+00
  9.2560148E-01  9.0218200E+00
  9.2565424E-01  9.0253710E+00
  9.2570698E-01  9.0289216E+00
  9.2575970E-01  9.0324720E+00
  9.2581239E-01  9.0360221E+00
  9.2586505E-01  9.0395719E+00
  9.2591769E-01  9.0431215E+00
  9.2597030E-01  9.0466708E+00
  9.2602289E-01  9.0502198E+00
  9.2607546E-01  9.0537686E+00
  9.2612800E-01  9.0573171E+00
  9.2618051E-01  9.0608654E+00
  9.2623300E-01  9.0644134E+00
  9.2628547E-01  9.0679612E+00
  9.2633791E-01  9.0715087E+00
  9.2639033E-01  9.0750560E+00
  9.2644272E-01  9.0786030E+00
  9.2649509E-01  9.0821498E+00
  9.2654743E-01  9.0856963E+00
  9.2659975E-01  9.0892426E+00
  9.2665205E-01  9.0927887E+00
  9.2670432E-01  9.0963345E+00
  9.2675657E-01  9.0998801E+00
  9.2680880E-01  9.1034255E+00
  9.2686100E-01  9.1069707E+00
  9.2691318E-01  9.1105156E+00
  9.2696533E-01  9.1140603E+00
  9.2701747E-01  9.1176048E+00
  9.2706957E-01  9.1211491E+00
  9.2712166E-01  9.1246931E+00
  9.2717372E-01  9.1282370E+00
  9.2722576E-01  9.1317806E+00
  9.2727778E-01  9.1353241E+00
  9.2732977E-01  9.1388673E+00
  9.2738174E-01  9.1424103E+00
  9.2743369E-01  9.1459531E+00
  9.2748561E-01  9.1494958E+00
  9.2753751E-01  9.1530382E+00
  9.2758939E-01  9.1565804E+00
  9.2764125E-01  9.1601225E+00
  9.2769308E-01  9.1636643E+00
  9.2774490E-01  9.1672060E+00
  9.2779669E-01  9.1707474E+00
  9.2784846E-01  9.1742887E+00
  9.2790020E-01  9.1778299E+00
  9.2795192E-01  9.1813708E+00
  9.2800363E-01  9.1849116E+00
  9.2805531E-01  9.1884522E+00
  9.2810696E-01  9.1919926E+00
  9.2815860E-01  9.1955328E+00
  9.2821022E-01  9.1990729E+00
  9.2826181E-01  9.2026128E+00
  9.2831338E-01  9.2061526E+00
  9.2836493E-01  9.2096922E+00
  9.2841646E-01  9.2132316E+00
  9.2846797E-01  9.2167709E+00
  9.2851945E-01  9.2203100E+00
  9.2857092E-01  9.2238490E+00
  9.2862236E-01  9.2273878E+00
  9.2867379E-01  9.2309265E+00
  9.2872519E-01  9.2344650E+00
  9.2877657E-01  9.2380034E+00
  9.2882793E-01  9.2415417E+00
  9.2887927E-01  9.2450798E+00
  9.2893059E-01  9.2486178E+00
  9.2898189E-01  9.2521556E+00
  9.2903317E-01  9.2556934E+00
  9.2908443E-01  9.2592310E+00
  9.2913566E-01  9.2627684E+00
  9.2918688E-01  9.2663058E+00
  9.2923808E-01  9.2698430E+00
  9.2928926E-01  9.2733801E+00
  9.2934041E-01  9.2769171E+00
  9.2939155E-01  9.2804539E+00
  9.2944267E-01  9.2839907E+00
  9.2949376E-01  9.2875274E+00
  9.2954484E-01  9.2910639E+00
  9.2959590E-01  9.2946003E+00
  9.2964694E-01  9.2981367E+00
  9.2969796E-01  9.3016729E+00
  9.2974896E-01  9.3052090E+00
  9.2979994E-01  9.3087451E+00
  9.2985090E-01  9.3122810E+00
  9.2990184E-01  9.3158169E+00
  9.2995276E-01  9.3193526E+00
  9.3000366E-01  9.3228883E+00
  9.3005455E-01  9.3264239E+00
  9.3010541E-01  9.3299594E+00
  9.3015626E-01  9.3334948E+00
  9.3020708E-01  9.3370302E+00
  9.3025789E-01  9.3405654E+00
  9.3030868E-01  9.3441006E+00
  9.3035945E-01  9.3476358E+00
  9.3041021E-01  9.3511708E+00
  9.3046094E-01  9.3547058E+00
  9.3051166E-01  9.3582407E+00
  9.3056235E-01  9.3617756E+00
  9.3061303E-01  9.3653104E+00
  9.3066369E-01  9.3688452E+00
  9.3071433E-01  9.3723798E+00
  9.3076496E-01  9.3759145E+00
  9.3081556E-01  9.3794491E+00
  9.3086615E-01  9.3829836E+00
  9.3091672E-01  9.3865181E+00
  9.3096728E-01  9.3900526E+00
  9.3101781E-01  9.3935870E+00
  9.3106833E-01  9.3971213E+00
  9.3111883E-01  9.4006557E+00
  9.3116931E-01  9.4041899E+00
  9.3121977E-01  9.4077242E+00
  9.3127022E-01  9.4112584E+00
  9.3132065E-01  9.4147926E+00
  9.3137106E-01  9.4183268E+00
  9.3142146E-01  9.4218610E+00
  9.3147184E-01  9.4253951E+00
  9.3152220E-01  9.4289292E+00
  9.3157254E-01  9.4324633E+00
  9.3162287E-01  9.4359974E+00
  9.3167318E-01  9.4395315E+00
  9.3172348E-01  9.4430655E+00
  9.3177375E-01  9.4465996E+00
  9.3182401E-01  9.4501336E+00
  9.3187426E-01  9.4536677E+00
  9.3192448E-01  9.4572017E+00
  9.3197469E-01  9.4607358E+00
  9.3202489E-01  9.4642698E+00
  9.3207507E-01  9.4678039E+00
  9.3212523E-01  9.4713380E+00
  9.3217537E-01  9.4748720E+00
  9.3222550E-01  9.4784061E+00
  9.3227562E-01  9.4819402E+00
  9.3232571E-01  9.4854743E+00
  9.3237579E-01  9.4890085E+00
  9.3242586E-01  9.4925427E+00
  9.3247591E-01  9.4960768E+00
  9.3252594E-01  9.4996111E+00
  9.3257596E-01  9.5031453E+00
  9.3262597E-01  9.5066796E+00
  9.3267595E-01  9.5102139E+00
  9.3272592E-01  9.5137482E+00
  9.3277588E-01  9.5172826E+00
  9.3282582E-01  9.5208170E+00
  9.3287575E-01  9.5243515E+00
  9.3292566E-01  9.5278860E+00
  9.3297555E-01  9.5314206E+00
  9.3302543E-01  9.5349552E+00
  9.3307530E-01  9.5384898E+00
  9.3312515E-01  9.5420246E+00
  9.3317498E-01  9.5455593E+00
  9.3322480E-01  9.5490942E+00
  9.3327461E-01  9.5526290E+00
  9.3332440E-01  9.5561640E+00
  9.3337418E-01  9.5596990E+00
  9.3342394E-01  9.5632341E+00
  9.3347369E-01  9.5667693E+00
  9.3352342E-01  9.5703045E+00
  9.3357314E-01  9.5738398E+00
  9.3362284E-01  9.5773752E+00
  9.3367253E-01  9.5809107E+00
  9.3372221E-01  9.5844462E+00
  9.3377187E-01  9.5879818E+00
  9.3382152E-01  9.5915175E+00
  9.3387115E-01  9.5950533E+00
  9.3392077E-01  9.5985892E+00
  9.3397038E-01  9.6021252E+00
  9.3401997E-01  9.6056613E+00
  9.3406955E-01  9.6091975E+00
  9.3411911E-01  9.6127338E+00
  9.3416866E-01  9.6162701E+00
  9.3421820E-01  9.6198066E+00
  9.3426773E-01  9.6233432E+00
  9.3431724E-01  9.6268799E+00
  9.3436673E-01  9.6304167E+00
  9.3441622E-01  9.6339537E+00
  9.3446569E-01  9.6374907E+00
  9.3451515E-01  9.6410279E+00
  9.3456459E-01  9.6445652E+00
  9.3461402E-01  9.6481026E+00
  9.3466344E-01  9.6516401E+00
  9.3471284E-01  9.6551778E+00
  9.3476224E-01  9.6587156E+00
  9.3481162E-01  9.6622535E+00
  9.3486098E-01  9.6657916E+00
  9.3491034E-01  9.6693297E+00
  9.3495968E-01  9.6728681E+00
  9.3500901E-01  9.6764066E+00
  9.3505833E-01  9.6799452E+00
  9.3510763E-01  9.6834839E+00
  9.3515692E-01  9.6870229E+00
  9.3520620E-01  9.6905619E+00
  9.3525547E-01  9.6941011E+00
  9.3530473E-01  9.6976405E+00
  9.3535397E-01  9.7011800E+00
  9.3540320E-01  9.7047197E+00
  9.3545242E-01  9.7082596E+00
  9.3550163E-01  9.7117996E+00
  9.3555082E-01  9.7153398E+00
  9.3560000E-01  9.7188802E+00
  9.3564918E-01  9.7224207E+00
  9.3569834E-01  9.7259614E+00
  9.3574748E-01  9.7295023E+00
  9.3579662E-01  9.7330433E+00
  9.3584575E-01  9.7365846E+00
  9.3589486E-01  9.7401260E+00
  9.3594396E-01  9.7436676E+00
  9.3599305E-01  9.7472094E+00
  9.3604213E-01  9.7507514E+00
  9.3609120E-01  9.7542935E+00
  9.3614026E-01  9.7578359E+00
  9.3618931E-01  9.7613785E+00
  9.3623834E-01  9.7649212E+00
  9.3628737E-01  9.7684642E+00
  9.3633638E-01  9.7720074E+00
  9.3638538E-01  9.7755507E+00
  9.3643438E-01  9.7790943E+00
  9.3648336E-01  9.7826381E+00
  9.3653233E-01  9.7861821E+00
  9.3658129E-01  9.7897264E+00
  9.3663024E-01  9.7932708E+00
  9.3667918E-01  9.7968155E+00
  9.3672810E-01  9.8003604E+00
  9.3677702E-01  9.8039055E+00
  9.3682593E-01  9.8074508E+00
  9.3687483E-01  9.8109964E+00
  9.3692372E-01  9.8145422E+00
  9.3697259E-01  9.8180882E+00
  9.3702146E-01  9.8216345E+00
  9.3707032E-01  9.8251810E+00
  9.3711916E-01  9.8287278E+00
  9.3716800E-01  9.8322748E+00
  9.3721683E-01  9.8358220E+00
  9.3726565E-01  9.8393695E+00
  9.3731445E-01  9.8429172E+00
  9.3736325E-01  9.8464652E+00
  9.3741204E-01  9.8500135E+00
  9.3746082E-01  9.8535620E+00
  9.3750959E-01  9.8571108E+00
  9.3755835E-01  9.8606598E+00
  9.3760710E-01  9.8642091E+00
  9.3765584E-01  9.8677586E+00
  9.3770458E-01  9.8713085E+00
  9.3775330E-01  9.8748586E+00
  9.3780201E-01  9.8784089E+00
  9.3785072E-01  9.8819596E+00
  9.3789942E-01  9.8855105E+00
  9.3794810E-01  9.8890617E+00
  9.3799678E-01  9.8926132E+00
  9.3804545E-01  9.8961650E+00
  9.3809411E-01  9.8997171E+00
  9.3814276E-01  9.9032694E+00
  9.3819141E-01  9.9068221E+00
  9.3824004E-01  9.9103750E+00
  9.3828867E-01  9.9139283E+00
  9.3833728E-01  9.9174818E+00
  9.3838589E-01  9.9210357E+00
  9.3843449E-01  9.9245898E+00
  9.3848309E-01  9.9281443E+00
  9.3853167E-01  9.9316990E+00
  9.3858025E-01  9.9352541E+00
  9.3862882E-01  9.9388095E+00
  9.3867738E-01  9.9423652E+00
  9.3872593E-01  9.9459212E+00
  9.3877447E-01  9.9494776E+00
  9.3882301E-01  9.9530343E+00
  9.3887154E-01  9.9565912E+00
  9.3892006E-01  9.9601486E+00
  9.3896857E-01  9.9637062E+00
  9.3901707E-01  9.9672642E+00
  9.3906557E-01  9.9708225E+00
  9.3911406E-01  9.9743812E+00
  9.3916254E-01  9.9779402E+00
  9.3921102E-01  9.9814995E+00
  9.3925948E-01  9.9850592E+00
  9.3930794E-01  9.9886192E+00
  9.3935640E-01  9.9921796E+00
  9.3940484E-01  9.9957404E+00
  9.3945328E-01  9.9993014E+00
  9.3950171E-01  1.0002863E+01
  9.3955014E-01  1.0006425E+01
  9.3959855E-01  1.0009987E+01
  9.3964696E-01  1.0013549E+01
  9.3969537E-01  1.0017112E+01
  9.3974376E-01  1.0020676E+01
  9.3979215E-01  1.0024239E+01
  9.3984054E-01  1.0027803E+01
  9.3988891E-01  1.0031368E+01
  9.3993728E-01  1.0034932E+01
  9.3998565E-01  1.0038497E+01
  9.4003400E-01  1.0042063E+01
  9.4008235E-01  1.0045629E+01
  9.4013070E-01  1.0049195E+01
  9.4017903E-01  1.0052762E+01
  9.4022737E-01  1.0056329E+01
  9.4027569E-01  1.0059896E+01
  9.4032401E-01  1.0063464E+01
  9.4037232E-01  1.0067032E+01
  9.4042063E-01  1.0070601E+01
  9.4046893E-01  1.0074170E+01
  9.4051723E-01  1.0077740E+01
  9.4056552E-01  1.0081309E+01
  9.4061380E-01  1.0084880E+01
  9.4066208E-01  1.0088450E+01
  9.4071035E-01  1.0092022E+01
  9.4075861E-01  1.0095593E+01
  9.4080687E-01  1.0099165E+01
  9.4085513E-01  1.0102737E+01
  9.4090338E-01  1.0106310E+01
  9.4095162E-01  1.0109883E+01
  9.4099986E-01  1.0113457E+01
  9.4104810E-01  1.0117031E+01
  9.4109632E-01  1.0120606E+01
  9.4114455E-01  1.0124181E+01
  9.4119276E-01  1.0127756E+01
  9.4124098E-01  1.0131332E+01
  9.4128918E-01  1.0134908E+01
  9.4133739E-01  1.0138485E+01
  9.4138558E-01  1.0142062E+01
  9.4143378E-01  1.0145640E+01
  9.4148197E-01  1.0149218E+01
  9.4153015E-01  1.0152796E+01
  9.4157833E-01  1.0156375E+01
  9.4162650E-01  1.0159955E+01
  9.4167467E-01  1.0163535E+01
  9.4172284E-01  1.0167115E+01
  9.4177100E-01  1.0170696E+01
  9.4181915E-01  1.0174277E+01
  9.4186730E-01  1.0177859E+01
  9.4191545E-01  1.0181442E+01
  9.4196359E-01  1.0185024E+01
  9.4201173E-01  1.0188608E+01
  9.4205987E-01  1.0192191E+01
  9.4210800E-01  1.0195775E+01
  9.4215612E-01  1.0199360E+01
  9.4220424E-01  1.0202945E+01
  9.4225236E-01  1.0206531E+01
  9.4230048E-01  1.0210117E+01
  9.4234859E-01  1.0213704E+01
  9.4239670E-01  1.0217291E+01
  9.4244480E-01  1.0220879E+01
  9.4249290E-01  1.0224467E+01
  9.4254099E-01  1.0228056E+01
  9.4258909E-01  1.0231645E+01
  9.4263717E-01  1.0235234E+01
  9.4268526E-01  1.0238825E+01
  9.4273334E-01  1.0242415E+01
  9.4278142E-01  1.0246007E+01
  9.4282950E-01  1.0249598E+01
  9.4287757E-01  1.0253191E+01
  9.4292564E-01  1.0256784E+01
  9.4297370E-01  1.0260377E+01
  9.4302177E-01  1.0263971E+01
  9.4306982E-01  1.0267565E+01
  9.4311788E-01  1.0271160E+01
  9.4316594E-01  1.0274756E+01
  9.4321399E-01  1.0278352E+01
  9.4326203E-01  1.0281948E+01
  9.4331008E-01  1.0285545E+01
  9.4335812E-01  1.0289143E+01
  9.4340616E-01  1.0292741E+01
  9.4345420E-01  1.0296340E+01
  9.4350223E-01  1.0299939E+01
  9.4355027E-01  1.0303539E+01
  9.4359830E-01  1.0307140E+01
  9.4364632E-01  1.0310741E+01
  9.4369435E-01  1.0314342E+01
  9.4374237E-01  1.0317944E+01
  9.4379039E-01  1.0321547E+01
  9.4383841E-01  1.0325150E+01
  9.4388643E-01  1.0328754E+01
  9.4393444E-01  1.0332359E+01
  9.4398246E-01  1.0335964E+01
  9.4403047E-01  1.0339569E+01
  9.4407847E-01  1.0343175E+01
  9.4412648E-01  1.0346782E+01
  9.4417449E-01  1.0350390E+01
  9.4422249E-01  1.0353998E+01
  9.4427049E-01  1.0357606E+01
  9.4431849E-01  1.0361215E+01
  9.4436649E-01  1.0364825E+01
  9.4441449E-01  1.0368435E+01
  9.4446248E-01  1.0372046E+01
  9.4451048E-01  1.0375658E+01
  9.4455847E-01  1.0379270E+01
  9.4460646E-01  1.0382883E+01
  9.4465445E-01  1.0386496E+01
  9.4470244E-01  1.0390110E+01
  9.4475043E-01  1.0393725E+01
  9.4479841E-01  1.0397340E+01
  9.4484640E-01  1.0400956E+01
  9.4489438E-01  1.0404572E+01
  9.4494237E-01  1.0408189E+01
  9.4499035E-01  1.0411807E+01
  9.4503833E-01  1.0415426E+01
  9.4508631E-01  1.0419045E+01
  9.4513429E-01  1.0422664E+01
  9.4518227E-01  1.0426285E+01
  9.4523025E-01  1.0429906E+01
  9.4527823E-01  1.0433527E+01
  9.4532621E-01  1.0437149E+01
  9.4537419E-01  1.0440772E+01
  9.4542216E-01  1.0444396E+01
  9.4547014E-01  1.0448020E+01
  9.4551812E-01  1.0451645E+01
  9.4556609E-01  1.0455270E+01
  9.4561407E-01  1.0458897E+01
  9.4566205E-01  1.0462524E+01
  9.4571002E-01  1.0466151E+01
  9.4575800E-01  1.0469779E+01
  9.4580597E-01  1.0473408E+01
  9.4585395E-01  1.0477038E+01
  9.4590193E-01  1.0480668E+01
  9.4594990E-01  1.0484299E+01
  9.4599788E-01  1.0487930E+01
  9.4604586E-01  1.0491563E+01
  9.4609383E-01  1.0495196E+01
  9.4614181E-01  1.0498829E+01
  9.4618979E-01  1.0502464E+01
  9.4623777E-01  1.0506099E+01
  9.4628575E-01  1.0509734E+01
  9.4633373E-01  1.0513371E+01
  9.4638171E-01  1.0517008E+01
  9.4642969E-01  1.0520646E+01
  9.4647767E-01  1.0524284E+01
  9.4652565E-01  1.0527924E+01
  9.4657364E-01  1.0531564E+01
  9.4662162E-01  1.0535204E+01
  9.4666960E-01  1.0538846E+01
  9.4671759E-01  1.0542488E+01
  9.4676558E-01  1.0546131E+01
  9.4681357E-01  1.0549774E+01
  9.4686156E-01  1.0553419E+01
  9.4690955E-01  1.0557064E+01
  9.4695754E-01  1.0560710E+01
  9.4700553E-01  1.0564356E+01
  9.4705353E-01  1.0568003E+01
  9.4710152E-01  1.0571651E+01
  9.4714952E-01  1.0575300E+01
  9.4719752E-01  1.0578950E+01
  9.4724552E-01  1.0582600E+01
  9.4729352E-01  1.0586251E+01
  9.4734153E-01  1.0589903E+01
  9.4738953E-01  1.0593555E+01
  9.4743754E-01  1.0597208E+01
  9.4748555E-01  1.0600862E+01
  9.4753356E-01  1.0604517E+01
  9.4758158E-01  1.0608173E+01
  9.4762959E-01  1.0611829E+01
  9.4767761E-01  1.0615486E+01
  9.4772563E-01  1.0619144E+01
  9.4777365E-01  1.0622803E+01
  9.4782168E-01  1.0626462E+01
  9.4786970E-01  1.0630122E+01
  9.4791773E-01  1.0633783E+01
  9.4796576E-01  1.0637445E+01
  9.4801380E-01  1.0641108E+01
  9.4806183E-01  1.0644771E+01
  9.4810987E-01  1.0648435E+01
  9.4815791E-01  1.0652100E+01
  9.4820596E-01  1.0655766E+01
  9.4825400E-01  1.0659433E+01
  9.4830205E-01  1.0663100E+01
  9.4835010E-01  1.0666768E+01
  9.4839816E-01  1.0670437E+01
  9.4844622E-01  1.0674107E+01
  9.4849428E-01  1.0677778E+01
  9.4854234E-01  1.0681449E+01
  9.4859041E-01  1.0685121E+01
  9.4863848E-01  1.0688794E+01
  9.4868655E-01  1.0692468E+01
  9.4873463E-01  1.0696143E+01
  9.4878271E-01  1.0699819E+01
  9.4883079E-01  1.0703495E+01
  9.4887887E-01  1.0707172E+01
  9.4892696E-01  1.0710850E+01
  9.4897506E-01  1.0714529E+01
  9.4902315E-01  1.0718209E+01
  9.4907125E-01  1.0721890E+01
  9.4911936E-01  1.0725571E+01
  9.4916746E-01  1.0729253E+01
  9.4921558E-01  1.0732936E+01
  9.4926369E-01  1.0736620E+01
  9.4931181E-01  1.0740305E+01
  9.4935993E-01  1.0743991E+01
  9.4940806E-01  1.0747678E+01
  9.4945619E-01  1.0751365E+01
  9.4950432E-01  1.0755053E+01
  9.4955246E-01  1.0758743E+01
  9.4960061E-01  1.0762433E+01
  9.4964875E-01  1.0766124E+01
  9.4969690E-01  1.0769816E+01
  9.4974506E-01  1.0773508E+01
  9.4979322E-01  1.0777202E+01
  9.4984138E-01  1.0780896E+01
  9.4988955E-01  1.0784592E+01
  9.4993773E-01  1.0788288E+01
  9.4998590E-01  1.0791985E+01
  9.5003409E-01  1.0795683E+01
  9.5008227E-01  1.0799382E+01
  9.5013047E-01  1.0803082E+01
  9.5017866E-01  1.0806783E+01
  9.5022686E-01  1.0810485E+01
  9.5027507E-01  1.0814187E+01
  9.5032328E-01  1.0817891E+01
  9.5037150E-01  1.0821595E+01
  9.5041972E-01  1.0825301E+01
  9.5046794E-01  1.0829007E+01
  9.5051618E-01  1.0832714E+01
  9.5056441E-01  1.0836422E+01
  9.5061266E-01  1.0840131E+01
  9.5066090E-01  1.0843841E+01
  9.5070915E-01  1.0847552E+01
  9.5075741E-01  1.0851264E+01
  9.5080568E-01  1.0854977E+01
  9.5085395E-01  1.0858691E+01
  9.5090222E-01  1.0862405E+01
  9.5095050E-01  1.0866121E+01
  9.5099879E-01  1.0869838E+01
  9.5104708E-01  1.0873555E+01
  9.5109537E-01  1.0877274E+01
  9.5114368E-01  1.0880993E+01
  9.5119199E-01  1.0884714E+01
  9.5124030E-01  1.0888435E+01
  9.5128862E-01  1.0892157E+01
  9.5133695E-01  1.0895881E+01
  9.5138528E-01  1.0899605E+01
  9.5143362E-01  1.0903330E+01
  9.5148196E-01  1.0907056E+01
  9.5153032E-01  1.0910784E+01
  9.5157867E-01  1.0914512E+01
  9.5162704E-01  1.0918241E+01
  9.5167541E-01  1.0921971E+01
  9.5172378E-01  1.0925702E+01
  9.5177217E-01  1.0929435E+01
  9.5182056E-01  1.0933168E+01
  9.5186895E-01  1.0936902E+01
  9.5191736E-01  1.0940637E+01
  9.5196577E-01  1.0944373E+01
  9.5201418E-01  1.0948111E+01
  9.5206261E-01  1.0951849E+01
  9.5211104E-01  1.0955588E+01
  9.5215947E-01  1.0959328E+01
  9.5220792E-01  1.0963069E+01
  9.5225637E-01  1.0966812E+01
  9.5230483E-01  1.0970555E+01
  9.5235329E-01  1.0974299E+01
  9.5240176E-01  1.0978045E+01
  9.5245024E-01  1.0981791E+01
  9.5249873E-01  1.0985538E+01
  9.5254722E-01  1.0989287E+01
  9.5259572E-01  1.0993036E+01
  9.5264423E-01  1.0996787E+01
  9.5269275E-01  1.1000538E+01
  9.5274127E-01  1.1004291E+01
  9.5278980E-01  1.1008045E+01
  9.5283834E-01  1.1011800E+01
  9.5288689E-01  1.1015555E+01
  9.5293545E-01  1.1019312E+01
  9.5298401E-01  1.1023070E+01
  9.5303258E-01  1.1026829E+01
  9.5308116E-01  1.1030589E+01
  9.5312974E-01  1.1034350E+01
  9.5317834E-01  1.1038112E+01
  9.5322694E-01  1.1041876E+01
  9.5327555E-01  1.1045640E+01
  9.5332417E-01  1.1049405E+01
  9.5337279E-01  1.1053172E+01
  9.5342143E-01  1.1056939E+01
  9.5347007E-01  1.1060708E+01
  9.5351872E-01  1.1064478E+01
  9.5356738E-01  1.1068249E+01
  9.5361605E-01  1.1072021E+01
  9.5366473E-01  1.1075794E+01
  9.5371341E-01  1.1079568E+01
  9.5376211E-01  1.1083343E+01
  9.5381081E-01  1.1087119E+01
  9.5385952E-01  1.1090897E+01
  9.5390824E-01  1.1094676E+01
  9.5395697E-01  1.1098455E+01
  9.5400571E-01  1.1102236E+01
  9.5405445E-01  1.1106018E+01
  9.5410321E-01  1.1109801E+01
  9.5415197E-01  1.1113585E+01
  9.5420075E-01  1.1117371E+01
  9.5424953E-01  1.1121157E+01
  9.5429832E-01  1.1124945E+01
  9.5434713E-01  1.1128733E+01
  9.5439594E-01  1.1132523E+01
  9.5444476E-01  1.1136314E+01
  9.5449359E-01  1.1140107E+01
  9.5454243E-01  1.1143900E+01
  9.5459127E-01  1.1147694E+01
  9.5464013E-01  1.1151490E+01
  9.5468900E-01  1.1155287E+01
  9.5473788E-01  1.1159085E+01
  9.5478677E-01  1.1162884E+01
  9.5483566E-01  1.1166684E+01
  9.5488457E-01  1.1170486E+01
  9.5493349E-01  1.1174288E+01
  9.5498241E-01  1.1178092E+01
  9.5503135E-01  1.1181897E+01
  9.5508030E-01  1.1185703E+01
  9.5512925E-01  1.1189510E+01
  9.5517822E-01  1.1193319E+01
  9.5522720E-01  1.1197129E+01
  9.5527619E-01  1.1200940E+01
  9.5532518E-01  1.1204752E+01
  9.5537419E-01  1.1208565E+01
  9.5542321E-01  1.1212380E+01
  9.5547224E-01  1.1216195E+01
  9.5552128E-01  1.1220012E+01
  9.5557033E-01  1.1223830E+01
  9.5561939E-01  1.1227650E+01
  9.5566846E-01  1.1231470E+01
  9.5571754E-01  1.1235292E+01
  9.5576664E-01  1.1239115E+01
  9.5581574E-01  1.1242939E+01
  9.5586485E-01  1.1246765E+01
  9.5591398E-01  1.1250591E+01
  9.5596312E-01  1.1254419E+01
  9.5601227E-01  1.1258248E+01
  9.5606142E-01  1.1262079E+01
  9.5611059E-01  1.1265910E+01
  9.5615978E-01  1.1269743E+01
  9.5620897E-01  1.1273577E+01
  9.5625817E-01  1.1277413E+01
  9.5630739E-01  1.1281249E+01
  9.5635661E-01  1.1285087E+01
  9.5640585E-01  1.1288926E+01
  9.5645510E-01  1.1292766E+01
  9.5650436E-01  1.1296608E+01
  9.5655364E-01  1.1300451E+01
  9.5660292E-01  1.1304295E+01
  9.5665222E-01  1.1308141E+01
  9.5670153E-01  1.1311987E+01
  9.5675085E-01  1.1315835E+01
  9.5680018E-01  1.1319685E+01
  9.5684952E-01  1.1323535E+01
  9.5689888E-01  1.1327387E+01
  9.5694825E-01  1.1331240E+01
  9.5699763E-01  1.1335095E+01
  9.5704702E-01  1.1338950E+01
  9.5709642E-01  1.1342807E+01
  9.5714584E-01  1.1346666E+01
  9.5719527E-01  1.1350525E+01
  9.5724471E-01  1.1354386E+01
  9.5729416E-01  1.1358248E+01
  9.5734363E-01  1.1362112E+01
  9.5739311E-01  1.1365977E+01
  9.5744260E-01  1.1369843E+01
  9.5749211E-01  1.1373711E+01
  9.5754162E-01  1.1377579E+01
  9.5759115E-01  1.1381450E+01
  9.5764070E-01  1.1385321E+01
  9.5769025E-01  1.1389194E+01
  9.5773982E-01  1.1393068E+01
  9.5778940E-01  1.1396944E+01
  9.5783900E-01  1.1400820E+01
  9.5788860E-01  1.1404699E+01
  9.5793823E-01  1.1408578E+01
  9.5798786E-01  1.1412459E+01
  9.5803751E-01  1.1416341E+01
  9.5808717E-01  1.1420225E+01
  9.5813684E-01  1.1424110E+01
  9.5818653E-01  1.1427996E+01
  9.5823623E-01  1.1431884E+01
  9.5828594E-01  1.1435773E+01
  9.5833567E-01  1.1439663E+01
  9.5838541E-01  1.1443555E+01
  9.5843517E-01  1.1447448E+01
  9.5848494E-01  1.1451343E+01
  9.5853472E-01  1.1455239E+01
  9.5858452E-01  1.1459136E+01
  9.5863433E-01  1.1463035E+01
  9.5868415E-01  1.1466935E+01
  9.5873399E-01  1.1470837E+01
  9.5878385E-01  1.1474739E+01
  9.5883371E-01  1.1478644E+01
  9.5888359E-01  1.1482550E+01
  9.5893349E-01  1.1486457E+01
  9.5898340E-01  1.1490365E+01
  9.5903332E-01  1.1494275E+01
  9.5908326E-01  1.1498187E+01
  9.5913322E-01  1.1502099E+01
  9.5918318E-01  1.1506013E+01
  9.5923317E-01  1.1509929E+01
  9.5928316E-01  1.1513846E+01
  9.5933317E-01  1.1517765E+01
  9.5938320E-01  1.1521685E+01
  9.5943324E-01  1.1525606E+01
  9.5948330E-01  1.1529529E+01
  9.5953337E-01  1.1533453E+01
  9.5958345E-01  1.1537379E+01
  9.5963355E-01  1.1541306E+01
  9.5968367E-01  1.1545235E+01
  9.5973380E-01  1.1549165E+01
  9.5978395E-01  1.1553096E+01
  9.5983411E-01  1.1557029E+01
  9.5988428E-01  1.1560964E+01
  9.5993448E-01  1.1564899E+01
  9.5998468E-01  1.1568837E+01
  9.6003491E-01  1.1572776E+01
  9.6008515E-01  1.1576716E+01
  9.6013540E-01  1.1580658E+01
  9.6018567E-01  1.1584601E+01
  9.6023595E-01  1.1588546E+01
  9.6028626E-01  1.1592492E+01
  9.6033657E-01  1.1596440E+01
  9.6038691E-01  1.1600389E+01
  9.6043725E-01  1.1604340E+01
  9.6048762E-01  1.1608292E+01
  9.6053800E-01  1.1612246E+01
  9.6058840E-01  1.1616201E+01
  9.6063881E-01  1.1620158E+01
  9.6068924E-01  1.1624116E+01
  9.6073968E-01  1.1628076E+01
  9.6079015E-01  1.1632038E+01
  9.6084062E-01  1.1636000E+01
  9.6089112E-01  1.1639965E+01
  9.6094163E-01  1.1643931E+01
  9.6099216E-01  1.1647898E+01
  9.6104270E-01  1.1651867E+01
  9.6109326E-01  1.1655838E+01
  9.6114384E-01  1.1659810E+01
  9.6119443E-01  1.1663784E+01
  9.6124504E-01  1.1667759E+01
  9.6129567E-01  1.1671735E+01
  9.6134632E-01  1.1675714E+01
  9.6139698E-01  1.1679694E+01
  9.6144766E-01  1.1683675E+01
  9.6149835E-01  1.1687658E+01
  9.6154907E-01  1.1691642E+01
  9.6159980E-01  1.1695629E+01
  9.6165054E-01  1.1699616E+01
  9.6170131E-01  1.1703606E+01
  9.6175209E-01  1.1707596E+01
  9.6180289E-01  1.1711589E+01
  9.6185371E-01  1.1715583E+01
  9.6190454E-01  1.1719578E+01
  9.6195540E-01  1.1723576E+01
  9.6200627E-01  1.1727574E+01
  9.6205715E-01  1.1731575E+01
  9.6210806E-01  1.1735577E+01
  9.6215898E-01  1.1739580E+01
  9.6220992E-01  1.1743586E+01
  9.6226088E-01  1.1747592E+01
  9.6231186E-01  1.1751601E+01
  9.6236286E-01  1.1755611E+01
  9.6241387E-01  1.1759623E+01
  9.6246490E-01  1.1763636E+01
  9.6251595E-01  1.1767651E+01
  9.6256702E-01  1.1771667E+01
  9.6261811E-01  1.1775686E+01
  9.6266921E-01  1.1779705E+01
  9.6272033E-01  1.1783727E+01
  9.6277148E-01  1.1787750E+01
  9.6282264E-01  1.1791775E+01
  9.6287382E-01  1.1795801E+01
  9.6292502E-01  1.1799829E+01
  9.6297623E-01  1.1803859E+01
  9.6302747E-01  1.1807890E+01
  9.6307872E-01  1.1811923E+01
  9.6313000E-01  1.1815958E+01
  9.6318129E-01  1.1819994E+01
  9.6323260E-01  1.1824033E+01
  9.6328393E-01  1.1828072E+01
  9.6333528E-01  1.1832114E+01
  9.6338665E-01  1.1836157E+01
  9.6343804E-01  1.1840202E+01
  9.6348945E-01  1.1844248E+01
  9.6354087E-01  1.1848296E+01
  9.6359232E-01  1.1852346E+01
  9.6364379E-01  1.1856398E+01
  9.6369527E-01  1.1860451E+01
  9.6374678E-01  1.1864506E+01
  9.6379830E-01  1.1868563E+01
  9.6384985E-01  1.1872621E+01
  9.6390141E-01  1.1876681E+01
  9.6395300E-01  1.1880743E+01
  9.6400460E-01  1.1884807E+01
  9.6405623E-01  1.1888872E+01
  9.6410787E-01  1.1892939E+01
  9.6415954E-01  1.1897008E+01
  9.6421122E-01  1.1901078E+01
  9.6426293E-01  1.1905150E+01
  9.6431465E-01  1.1909224E+01
  9.6436640E-01  1.1913300E+01
  9.6441817E-01  1.1917378E+01
  9.6446995E-01  1.1921457E+01
  9.6452176E-01  1.1925538E+01
  9.6457359E-01  1.1929621E+01
  9.6462544E-01  1.1933705E+01
  9.6467731E-01  1.1937791E+01
  9.6472920E-01  1.1941879E+01
  9.6478111E-01  1.1945969E+01
  9.6483304E-01  1.1950061E+01
  9.6488500E-01  1.1954154E+01
  9.6493697E-01  1.1958249E+01
  9.6498897E-01  1.1962346E+01
  9.6504098E-01  1.1966445E+01
  9.6509302E-01  1.1970545E+01
  9.6514508E-01  1.1974648E+01
  9.6519716E-01  1.1978752E+01
  9.6524926E-01  1.1982858E+01
  9.6530138E-01  1.1986965E+01
  9.6535353E-01  1.1991075E+01
  9.6540570E-01  1.1995186E+01
  9.6545788E-01  1.1999300E+01
  9.6551009E-01  1.2003415E+01
  9.6556232E-01  1.2007531E+01
  9.6561458E-01  1.2011650E+01
  9.6566685E-01  1.2015770E+01
  9.6571915E-01  1.2019893E+01
  9.6577147E-01  1.2024017E+01
  9.6582381E-01  1.2028143E+01
  9.6587617E-01  1.2032271E+01
  9.6592856E-01  1.2036400E+01
  9.6598097E-01  1.2040532E+01
  9.6603340E-01  1.2044665E+01
  9.6608585E-01  1.2048801E+01
  9.6613832E-01  1.2052938E+01
  9.6619082E-01  1.2057077E+01
  9.6624334E-01  1.2061218E+01
  9.6629588E-01  1.2065360E+01
  9.6634845E-01  1.2069505E+01
  9.6640104E-01  1.2073651E+01
  9.6645365E-01  1.2077800E+01
  9.6650628E-01  1.2081950E+01
  9.6655894E-01  1.2086102E+01
  9.6661162E-01  1.2090256E+01
  9.6666432E-01  1.2094412E+01
  9.6671705E-01  1.2098570E+01
  9.6676980E-01  1.2102729E+01
  9.6682257E-01  1.2106891E+01
  9.6687536E-01  1.2111055E+01
  9.6692818E-01  1.2115220E+01
  9.6698103E-01  1.2119387E+01
  9.6703389E-01  1.2123557E+01
  9.6708678E-01  1.2127728E+01
  9.6713969E-01  1.2131901E+01
  9.6719263E-01  1.2136076E+01
  9.6724559E-01  1.2140253E+01
  9.6729858E-01  1.2144432E+01
  9.6735159E-01  1.2148613E+01
  9.6740462E-01  1.2152796E+01
  9.6745767E-01  1.2156981E+01
  9.6751076E-01  1.2161167E+01
  9.6756386E-01  1.2165356E+01
  9.6761699E-01  1.2169547E+01
  9.6767014E-01  1.2173739E+01
  9.6772332E-01  1.2177934E+01
  9.6777652E-01  1.2182131E+01
  9.6782975E-01  1.2186329E+01
  9.6788300E-01  1.2190530E+01
  9.6793627E-01  1.2194732E+01
  9.6798957E-01  1.2198937E+01
  9.6804290E-01  1.2203143E+01
  9.6809625E-01  1.2207352E+01
  9.6814962E-01  1.2211562E+01
  9.6820302E-01  1.2215775E+01
  9.6825645E-01  1.2219989E+01
  9.6830990E-01  1.2224205E+01
  9.6836337E-01  1.2228424E+01
  9.6841687E-01  1.2232644E+01
  9.6847040E-01  1.2236867E+01
  9.6852395E-01  1.2241092E+01
  9.6857752E-01  1.2245318E+01
  9.6863112E-01  1.2249547E+01
  9.6868475E-01  1.2253777E+01
  9.6873840E-01  1.2258010E+01
  9.6879208E-01  1.2262245E+01
  9.6884578E-01  1.2266481E+01
  9.6889951E-01  1.2270720E+01
  9.6895327E-01  1.2274961E+01
  9.6900705E-01  1.2279204E+01
  9.6906086E-01  1.2283449E+01
  9.6911469E-01  1.2287696E+01
  9.6916855E-01  1.2291945E+01
  9.6922243E-01  1.2296196E+01
  9.6927635E-01  1.2300449E+01
  9.6933028E-01  1.2304705E+01
  9.6938425E-01  1.2308962E+01
  9.6943824E-01  1.2313222E+01
  9.6949226E-01  1.2317483E+01
  9.6954630E-01  1.2321747E+01
  9.6960037E-01  1.2326013E+01
  9.6965447E-01  1.2330280E+01
  9.6970859E-01  1.2334550E+01
  9.6976274E-01  1.2338823E+01
  9.6981692E-01  1.2343097E+01
  9.6987112E-01  1.2347373E+01
  9.6992535E-01  1.2351651E+01
  9.6997961E-01  1.2355932E+01
  9.7003390E-01  1.2360215E+01
  9.7008821E-01  1.2364499E+01
  9.7014255E-01  1.2368786E+01
  9.7019692E-01  1.2373075E+01
  9.7025132E-01  1.2377367E+01
  9.7030574E-01  1.2381660E+01
  9.7036019E-01  1.2385955E+01
  9.7041467E-01  1.2390253E+01
  9.7046917E-01  1.2394553E+01
  9.7052371E-01  1.2398855E+01
  9.7057827E-01  1.2403159E+01
  9.7063286E-01  1.2407465E+01
  9.7068747E-01  1.2411774E+01
  9.7074212E-01  1.2416084E+01
  9.7079679E-01  1.2420397E+01
  9.7085150E-01  1.2424712E+01
  9.7090623E-01  1.2429029E+01
  9.7096098E-01  1.2433349E+01
  9.7101577E-01  1.2437670E+01
  9.7107059E-01  1.2441994E+01
  9.7112543E-01  1.2446320E+01
  9.7118030E-01  1.2450648E+01
  9.7123520E-01  1.2454979E+01
  9.7129013E-01  1.2459311E+01
  9.7134509E-01  1.2463646E+01
  9.7140008E-01  1.2467983E+01
  9.7145510E-01  1.2472322E+01
  9.7151014E-01  1.2476664E+01
  9.7156522E-01  1.2481007E+01
  9.7162032E-01  1.2485353E+01
  9.7167545E-01  1.2489702E+01
  9.7173061E-01  1.2494052E+01
  9.7178581E-01  1.2498405E+01
  9.7184103E-01  1.2502760E+01
  9.7189628E-01  1.2507117E+01
  9.7195156E-01  1.2511476E+01
  9.7200687E-01  1.2515838E+01
  9.7206221E-01  1.2520202E+01
  9.7211758E-01  1.2524568E+01
  9.7217298E-01  1.2528937E+01
  9.7222841E-01  1.2533308E+01
  9.7228387E-01  1.2537681E+01
  9.7233936E-01  1.2542056E+01
  9.7239488E-01  1.2546434E+01
  9.7245043E-01  1.2550814E+01
  9.7250601E-01  1.2555196E+01
  9.7256162E-01  1.2559581E+01
  9.7261726E-01  1.2563968E+01
  9.7267293E-01  1.2568357E+01
  9.7272863E-01  1.2572749E+01
  9.7278436E-01  1.2577143E+01
  9.7284013E-01  1.2581539E+01
  9.7289592E-01  1.2585937E+01
  9.7295175E-01  1.2590338E+01
  9.7300761E-01  1.2594741E+01
  9.7306349E-01  1.2599147E+01
  9.7311941E-01  1.2603555E+01
  9.7317536E-01  1.2607965E+01
  9.7323134E-01  1.2612378E+01
  9.7328735E-01  1.2616792E+01
  9.7334340E-01  1.2621210E+01
  9.7339947E-01  1.2625629E+01
  9.7345558E-01  1.2630051E+01
  9.7351172E-01  1.2634476E+01
  9.7356789E-01  1.2638903E+01
  9.7362409E-01  1.2643332E+01
  9.7368032E-01  1.2647763E+01
  9.7373659E-01  1.2652197E+01
  9.7379289E-01  1.2656634E+01
  9.7384922E-01  1.2661072E+01
  9.7390558E-01  1.2665513E+01
  9.7396197E-01  1.2669957E+01
  9.7401840E-01  1.2674403E+01
  9.7407486E-01  1.2678851E+01
  9.7413135E-01  1.2683302E+01
  9.7418787E-01  1.2687755E+01
  9.7424443E-01  1.2692211E+01
  9.7430102E-01  1.2696669E+01
  9.7435764E-01  1.2701130E+01
  9.7441430E-01  1.2705592E+01
  9.7447098E-01  1.2710058E+01
  9.7452770E-01  1.2714526E+01
  9.7458446E-01  1.2718996E+01
  9.7464125E-01  1.2723469E+01
  9.7469807E-01  1.2727944E+01
  9.7475492E-01  1.2732422E+01
  9.7481181E-01  1.2736902E+01
  9.7486873E-01  1.2741384E+01
  9.7492568E-01  1.2745869E+01
  9.7498267E-01  1.2750357E+01
  9.7503969E-01  1.2754847E+01
  9.7509674E-01  1.2759340E+01
  9.7515383E-01  1.2763835E+01
  9.7521095E-01  1.2768332E+01
  9.7526811E-01  1.2772832E+01
  9.7532530E-01  1.2777335E+01
  9.7538252E-01  1.2781840E+01
  9.7543978E-01  1.2786347E+01
  9.7549708E-01  1.2790858E+01
  9.7555440E-01  1.2795370E+01
  9.7561176E-01  1.2799885E+01
  9.7566916E-01  1.2804403E+01
  9.7572659E-01  1.2808923E+01
  9.7578406E-01  1.2813446E+01
  9.7584156E-01  1.2817971E+01
  9.7589909E-01  1.2822499E+01
  9.7595666E-01  1.2827030E+01
  9.7601427E-01  1.2831563E+01
  9.7607191E-01  1.2836098E+01
  9.7612958E-01  1.2840636E+01
  9.7618730E-01  1.2845177E+01
  9.7624504E-01  1.2849720E+01
  9.7630282E-01  1.2854266E+01
  9.7636064E-01  1.2858814E+01
  9.7641849E-01  1.2863366E+01
  9.7647638E-01  1.2867919E+01
  9.7653430E-01  1.2872475E+01
  9.7659226E-01  1.2877034E+01
  9.7665026E-01  1.2881596E+01
  9.7670829E-01  1.2886160E+01
  9.7676636E-01  1.2890726E+01
  9.7682446E-01  1.2895296E+01
  9.7688260E-01  1.2899867E+01
  9.7694078E-01  1.2904442E+01
  9.7699899E-01  1.2909019E+01
  9.7705724E-01  1.2913599E+01
  9.7711552E-01  1.2918181E+01
  9.7717385E-01  1.2922766E+01
  9.7723221E-01  1.2927354E+01
  9.7729060E-01  1.2931945E+01
  9.7734903E-01  1.2936538E+01
  9.7740750E-01  1.2941133E+01
  9.7746601E-01  1.2945732E+01
  9.7752455E-01  1.2950333E+01
  9.7758313E-01  1.2954937E+01
  9.7764175E-01  1.2959543E+01
  9.7770041E-01  1.2964152E+01
  9.7775910E-01  1.2968764E+01
  9.7781783E-01  1.2973379E+01
  9.7787660E-01  1.2977996E+01
  9.7793540E-01  1.2982616E+01
  9.7799425E-01  1.2987238E+01
  9.7805313E-01  1.2991864E+01
  9.7811205E-01  1.2996492E+01
  9.7817100E-01  1.3001123E+01
  9.7823000E-01  1.3005756E+01
  9.7828903E-01  1.3010392E+01
  9.7834810E-01  1.3015031E+01
  9.7840721E-01  1.3019673E+01
  9.7846636E-01  1.3024318E+01
  9.7852555E-01  1.3028965E+01
  9.7858478E-01  1.3033615E+01
  9.7864404E-01  1.3038268E+01
  9.7870334E-01  1.3042923E+01
  9.7876269E-01  1.3047581E+01
  9.7882207E-01  1.3052243E+01
  9.7888149E-01  1.3056906E+01
  9.7894095E-01  1.3061573E+01
  9.7900045E-01  1.3066242E+01
  9.7905998E-01  1.3070915E+01
  9.7911956E-01  1.3075590E+01
  9.7917918E-01  1.3080268E+01
  9.7923883E-01  1.3084948E+01
  9.7929853E-01  1.3089632E+01
  9.7935827E-01  1.3094318E+01
  9.7941804E-01  1.3099007E+01
  9.7947786E-01  1.3103699E+01
  9.7953771E-01  1.3108394E+01
  9.7959761E-01  1.3113091E+01
  9.7965754E-01  1.3117792E+01
  9.7971752E-01  1.3122495E+01
  9.7977754E-01  1.3127201E+01
  9.7983759E-01  1.3131910E+01
  9.7989769E-01  1.3136622E+01
  9.7995783E-01  1.3141337E+01
  9.8001801E-01  1.3146054E+01
  9.8007823E-01  1.3150775E+01
  9.8013849E-01  1.3155498E+01
  9.8019879E-01  1.3160225E+01
  9.8025913E-01  1.3164954E+01
  9.8031951E-01  1.3169686E+01
  9.8037994E-01  1.3174421E+01
  9.8044041E-01  1.3179158E+01
  9.8050091E-01  1.3183899E+01
  9.8056146E-01  1.3188643E+01
  9.8062205E-01  1.3193389E+01
  9.8068269E-01  1.3198139E+01
  9.8074336E-01  1.3202891E+01
  9.8080408E-01  1.3207647E+01
  9.8086483E-01  1.3212405E+01
  9.8092563E-01  1.3217166E+01
  9.8098648E-01  1.3221930E+01
  9.8104736E-01  1.3226698E+01
  9.8110829E-01  1.3231468E+01
  9.8116926E-01  1.3236241E+01
  9.8123027E-01  1.3241017E+01
  9.8129133E-01  1.3245796E+01
  9.8135242E-01  1.3250578E+01
  9.8141356E-01  1.3255363E+01
  9.8147475E-01  1.3260151E+01
  9.8153597E-01  1.3264942E+01
  9.8159724E-01  1.3269736E+01
  9.8165855E-01  1.3274533E+01
  9.8171991E-01  1.3279333E+01
  9.8178131E-01  1.3284136E+01
  9.8184275E-01  1.3288942E+01
  9.8190424E-01  1.3293751E+01
  9.8196577E-01  1.3298563E+01
  9.8202734E-01  1.3303378E+01
  9.8208896E-01  1.3308196E+01
  9.8215062E-01  1.3313017E+01
  9.8221232E-01  1.3317841E+01
  9.8227407E-01  1.3322669E+01
  9.8233587E-01  1.3327499E+01
  9.8239771E-01  1.3332333E+01
  9.8245959E-01  1.3337169E+01
  9.8252152E-01  1.3342009E+01
  9.8258349E-01  1.3346851E+01
  9.8264550E-01  1.3351697E+01
  9.8270756E-01  1.3356546E+01
  9.8276967E-01  1.3361398E+01
  9.8283182E-01  1.3366253E+01
  9.8289402E-01  1.3371111E+01
  9.8295626E-01  1.3375972E+01
  9.8301855E-01  1.3380836E+01
  9.8308088E-01  1.3385704E+01
  9.8314326E-01  1.3390575E+01
  9.8320568E-01  1.3395448E+01
  9.8326815E-01  1.3400325E+01
  9.8333066E-01  1.3405205E+01
  9.8339322E-01  1.3410088E+01
  9.8345583E-01  1.3414975E+01
  9.8351848E-01  1.3419864E+01
  9.8358118E-01  1.3424757E+01
  9.8364393E-01  1.3429653E+01
  9.8370672E-01  1.3434552E+01
  9.8376956E-01  1.3439454E+01
  9.8383244E-01  1.3444359E+01
  9.8389537E-01  1.3449268E+01
  9.8395835E-01  1.3454180E+01
  9.8402137E-01  1.3459094E+01
  9.8408445E-01  1.3464013E+01
  9.8414757E-01  1.3468934E+01
  9.8421073E-01  1.3473859E+01
  9.8427395E-01  1.3478786E+01
  9.8433721E-01  1.3483717E+01
  9.8440051E-01  1.3488652E+01
  9.8446387E-01  1.3493589E+01
  9.8452727E-01  1.3498530E+01
  9.8459073E-01  1.3503474E+01
  9.8465423E-01  1.3508421E+01
  9.8471777E-01  1.3513372E+01
  9.8478137E-01  1.3518326E+01
  9.8484501E-01  1.3523283E+01
  9.8490870E-01  1.3528243E+01
  9.8497244E-01  1.3533207E+01
  9.8503623E-01  1.3538174E+01
  9.8510007E-01  1.3543144E+01
  9.8516396E-01  1.3548117E+01
  9.8522789E-01  1.3553094E+01
  9.8529188E-01  1.3558074E+01
  9.8535591E-01  1.3563058E+01
  9.8541999E-01  1.3568045E+01
  9.8548413E-01  1.3573035E+01
  9.8554831E-01  1.3578028E+01
  9.8561254E-01  1.3583025E+01
  9.8567682E-01  1.3588025E+01
  9.8574115E-01  1.3593028E+01
  9.8580553E-01  1.3598035E+01
  9.8586996E-01  1.3603045E+01
  9.8593444E-01  1.3608059E+01
  9.8599897E-01  1.3613076E+01
  9.8606355E-01  1.3618096E+01
  9.8612818E-01  1.3623120E+01
  9.8619286E-01  1.3628147E+01
  9.8625759E-01  1.3633178E+01
  9.8632237E-01  1.3638211E+01
  9.8638721E-01  1.3643249E+01
  9.8645209E-01  1.3648289E+01
  9.8651702E-01  1.3653334E+01
  9.8658201E-01  1.3658381E+01
  9.8664705E-01  1.3663432E+01
  9.8671214E-01  1.3668486E+01
  9.8677728E-01  1.3673544E+01
  9.8684247E-01  1.3678606E+01
  9.8690771E-01  1.3683670E+01
  9.8697301E-01  1.3688739E+01
  9.8703835E-01  1.3693810E+01
  9.8710375E-01  1.3698885E+01
  9.8716920E-01  1.3703964E+01
  9.8723470E-01  1.3709046E+01
  9.8730026E-01  1.3714132E+01
  9.8736587E-01  1.3719221E+01
  9.8743153E-01  1.3724313E+01
  9.8749724E-01  1.3729410E+01
  9.8756301E-01  1.3734509E+01
  9.8762883E-01  1.3739612E+01
  9.8769470E-01  1.3744719E+01
  9.8776062E-01  1.3749829E+01
  9.8782660E-01  1.3754943E+01
  9.8789263E-01  1.3760060E+01
  9.8795872E-01  1.3765181E+01
  9.8802486E-01  1.3770305E+01
  9.8809105E-01  1.3775433E+01
  9.8815730E-01  1.3780565E+01
  9.8822360E-01  1.3785700E+01
  9.8828995E-01  1.3790839E+01
  9.8835636E-01  1.3795981E+01
  9.8842282E-01  1.3801127E+01
  9.8848934E-01  1.3806276E+01
  9.8855591E-01  1.3811429E+01
  9.8862254E-01  1.3816586E+01
  9.8868922E-01  1.3821746E+01
  9.8875595E-01  1.3826910E+01
  9.8882274E-01  1.3832077E+01
  9.8888959E-01  1.3837248E+01
  9.8895649E-01  1.3842423E+01
  9.8902345E-01  1.3847602E+01
  9.8909046E-01  1.3852784E+01
  9.8915753E-01  1.3857969E+01
  9.8922465E-01  1.3863159E+01
  9.8929183E-01  1.3868352E+01
  9.8935907E-01  1.3873548E+01
  9.8942636E-01  1.3878749E+01
  9.8949370E-01  1.3883953E+01
  9.8956111E-01  1.3889161E+01
  9.8962857E-01  1.3894372E+01
  9.8969609E-01  1.3899587E+01
  9.8976366E-01  1.3904806E+01
  9.8983129E-01  1.3910029E+01
  9.8989898E-01  1.3915255E+01
  9.8996672E-01  1.3920485E+01
  9.9003452E-01  1.3925719E+01
  9.9010238E-01  1.3930957E+01
  9.9017030E-01  1.3936198E+01
  9.9023827E-01  1.3941443E+01
  9.9030630E-01  1.3946692E+01
  9.9037439E-01  1.3951945E+01
  9.9044254E-01  1.3957201E+01
  9.9051074E-01  1.3962461E+01
  9.9057901E-01  1.3967725E+01
  9.9064733E-01  1.3972993E+01
  9.9071571E-01  1.3978265E+01
  9.9078415E-01  1.3983540E+01
  9.9085264E-01  1.3988819E+01
  9.9092120E-01  1.3994102E+01
  9.9098982E-01  1.3999389E+01
  9.9105849E-01  1.4004680E+01
  9.9112722E-01  1.4009975E+01
  9.9119602E-01  1.4015273E+01
  9.9126487E-01  1.4020575E+01
  9.9133378E-01  1.4025881E+01
  9.9140275E-01  1.4031191E+01
  9.9147178E-01  1.4036505E+01
  9.9154087E-01  1.4041823E+01
  9.9161002E-01  1.4047144E+01
  9.9167924E-01  1.4052470E+01
  9.9174851E-01  1.4057799E+01
  9.9181784E-01  1.4063133E+01
  9.9188723E-01  1.4068470E+01
  9.9195669E-01  1.4073811E+01
  9.9202620E-01  1.4079156E+01
  9.9209578E-01  1.4084505E+01
  9.9216541E-01  1.4089858E+01
  9.9223511E-01  1.4095215E+01
  9.9230487E-01  1.4100576E+01
  9.9237469E-01  1.4105941E+01
  9.9244457E-01  1.4111310E+01
  9.9251452E-01  1.4116683E+01
  9.9258453E-01  1.4122059E+01
  9.9265459E-01  1.4127440E+01
  9.9272472E-01  1.4132825E+01
  9.9279492E-01  1.4138214E+01
  9.9286517E-01  1.4143606E+01
  9.9293549E-01  1.4149003E+01
  9.9300587E-01  1.4154404E+01
  9.9307632E-01  1.4159809E+01
  9.9314682E-01  1.4165218E+01
  9.9321739E-01  1.4170631E+01
  9.9328803E-01  1.4176048E+01
  9.9335872E-01  1.4181469E+01
  9.9342949E-01  1.4186894E+01
  9.9350031E-01  1.4192323E+01
  9.9357120E-01  1.4197756E+01
  9.9364215E-01  1.4203194E+01
  9.9371317E-01  1.4208635E+01
  9.9378425E-01  1.4214081E+01
  9.9385539E-01  1.4219530E+01
  9.9392660E-01  1.4224984E+01
  9.9399788E-01  1.4230442E+01
  9.9406922E-01  1.4235904E+01
  9.9414062E-01  1.4241370E+01
  9.9421209E-01  1.4246840E+01
  9.9428362E-01  1.4252315E+01
  9.9435522E-01  1.4257794E+01
  9.9442689E-01  1.4263276E+01
  9.9449862E-01  1.4268763E+01
  9.9457042E-01  1.4274254E+01
  9.9464228E-01  1.4279750E+01
  9.9471421E-01  1.4285249E+01
  9.9478621E-01  1.4290753E+01
  9.9485827E-01  1.4296261E+01
  9.9493040E-01  1.4301773E+01
  9.9500260E-01  1.4307290E+01
  9.9507486E-01  1.4312810E+01
  9.9514719E-01  1.4318335E+01
  9.9521958E-01  1.4323864E+01
  9.9529205E-01  1.4329397E+01
  9.9536458E-01  1.4334935E+01
  9.9543718E-01  1.4340477E+01
  9.9550985E-01  1.4346023E+01
  9.9558258E-01  1.4351574E+01
  9.9565538E-01  1.4357128E+01
  9.9572826E-01  1.4362687E+01
  9.9580120E-01  1.4368251E+01
  9.9587420E-01  1.4373818E+01
  9.9594728E-01  1.4379390E+01
  9.9602043E-01  1.4384967E+01
  9.9609364E-01  1.4390547E+01
  9.9616693E-01  1.4396132E+01
  9.9624028E-01  1.4401722E+01
  9.9631370E-01  1.4407315E+01
  9.9638719E-01  1.4412913E+01
  9.9646076E-01  1.4418516E+01
  9.9653439E-01  1.4424123E+01
  9.9660809E-01  1.4429734E+01
  9.9668186E-01  1.4435349E+01
  9.9675571E-01  1.4440969E+01
  9.9682962E-01  1.4446594E+01
  9.9690360E-01  1.4452223E+01
  9.9697766E-01  1.4457856E+01
  9.9705178E-01  1.4463494E+01
  9.9712598E-01  1.4469136E+01
  9.9720025E-01  1.4474782E+01
  9.9727459E-01  1.4480433E+01
  9.9734900E-01  1.4486089E+01
  9.9742348E-01  1.4491749E+01
  9.9749804E-01  1.4497414E+01
  9.9757267E-01  1.4503083E+01
  9.9764737E-01  1.4508756E+01
  9.9772214E-01  1.4514434E+01
  9.9779698E-01  1.4520117E+01
  9.9787190E-01  1.4525804E+01
  9.9794689E-01  1.4531495E+01
  9.9802196E-01  1.4537191E+01
  9.9809709E-01  1.4542892E+01
  9.9817230E-01  1.4548597E+01
  9.9824759E-01  1.4554307E+01
  9.9832294E-01  1.4560021E+01
  9.9839838E-01  1.4565740E+01
  9.9847388E-01  1.4571464E+01
  9.9854946E-01  1.4577192E+01
  9.9862512E-01  1.4582924E+01
  9.9870085E-01  1.4588662E+01
  9.9877665E-01  1.4594404E+01
  9.9885253E-01  1.4600150E+01
  9.9892848E-01  1.4605902E+01
  9.9900451E-01  1.4611657E+01
  9.9908062E-01  1.4617418E+01
  9.9915680E-01  1.4623183E+01
  9.9923305E-01  1.4628953E+01
  9.9930939E-01  1.4634727E+01
  9.9938579E-01  1.4640507E+01
  9.9946228E-01  1.4646291E+01
  9.9953884E-01  1.4652079E+01
  9.9961548E-01  1.4657873E+01
  9.9969219E-01  1.4663671E+01
