# PC-SAFT-Titan -- Daniel Cordier
# https://www.researchgate.net/profile/Daniel_Cordier
# http://orcid.org/0000-0003-4515-6271
#
# Computation date: 07/07/2021 -- 20h 49min 18s
# Temperature:   120.00 K
# Species 1: N2    
# Species 2: CH4   
#
# xN2 (liq)      P (bar)      
  1.0000000E-04  1.9126822E+00
  4.3307769E-04  1.9243957E+00
  7.6615539E-04  1.9361017E+00
  1.0992331E-03  1.9478002E+00
  1.4323108E-03  1.9594912E+00
  1.7653885E-03  1.9711748E+00
  2.0984662E-03  1.9828508E+00
  2.4315438E-03  1.9945194E+00
  2.7646215E-03  2.0061805E+00
  3.0976992E-03  2.0178342E+00
  3.4307769E-03  2.0294804E+00
  3.7638546E-03  2.0411192E+00
  4.0969323E-03  2.0527505E+00
  4.4300100E-03  2.0643744E+00
  4.7630877E-03  2.0759909E+00
  5.0961654E-03  2.0875999E+00
  5.4292431E-03  2.0992015E+00
  5.7623208E-03  2.1107958E+00
  6.0953985E-03  2.1223826E+00
  6.4284762E-03  2.1339620E+00
  6.7615539E-03  2.1455340E+00
  7.0946315E-03  2.1570987E+00
  7.4277092E-03  2.1686559E+00
  7.7607869E-03  2.1802058E+00
  8.0938646E-03  2.1917483E+00
  8.4269423E-03  2.2032835E+00
  8.7600200E-03  2.2148113E+00
  9.0930977E-03  2.2263318E+00
  9.4261754E-03  2.2378449E+00
  9.7592531E-03  2.2493507E+00
  1.0092331E-02  2.2608492E+00
  1.0425408E-02  2.2723404E+00
  1.0758486E-02  2.2838242E+00
  1.1091564E-02  2.2953007E+00
  1.1424642E-02  2.3067700E+00
  1.1757719E-02  2.3182319E+00
  1.2090797E-02  2.3296866E+00
  1.2423875E-02  2.3411339E+00
  1.2756952E-02  2.3525740E+00
  1.3090030E-02  2.3640068E+00
  1.3423108E-02  2.3754324E+00
  1.3756185E-02  2.3868507E+00
  1.4089263E-02  2.3982618E+00
  1.4422341E-02  2.4096656E+00
  1.4755418E-02  2.4210622E+00
  1.5088496E-02  2.4324515E+00
  1.5421574E-02  2.4438336E+00
  1.5754652E-02  2.4552086E+00
  1.6087729E-02  2.4665763E+00
  1.6420807E-02  2.4779368E+00
  1.6753885E-02  2.4892901E+00
  1.7086962E-02  2.5006362E+00
  1.7420040E-02  2.5119751E+00
  1.7753118E-02  2.5233069E+00
  1.8086195E-02  2.5346315E+00
  1.8419273E-02  2.5459489E+00
  1.8752351E-02  2.5572591E+00
  1.9085428E-02  2.5685622E+00
  1.9418506E-02  2.5798582E+00
  1.9751584E-02  2.5911470E+00
  2.0084662E-02  2.6024287E+00
  2.0417739E-02  2.6137033E+00
  2.0750817E-02  2.6249708E+00
  2.1083895E-02  2.6362311E+00
  2.1416972E-02  2.6474844E+00
  2.1750050E-02  2.6587305E+00
  2.2083128E-02  2.6699695E+00
  2.2416205E-02  2.6812015E+00
  2.2749283E-02  2.6924264E+00
  2.3082361E-02  2.7036442E+00
  2.3415438E-02  2.7148549E+00
  2.3748516E-02  2.7260586E+00
  2.4081594E-02  2.7372553E+00
  2.4414672E-02  2.7484449E+00
  2.4747749E-02  2.7596274E+00
  2.5080827E-02  2.7708029E+00
  2.5413905E-02  2.7819714E+00
  2.5746982E-02  2.7931329E+00
  2.6080060E-02  2.8042873E+00
  2.6413138E-02  2.8154348E+00
  2.6746215E-02  2.8265752E+00
  2.7079293E-02  2.8377087E+00
  2.7412371E-02  2.8488352E+00
  2.7745448E-02  2.8599546E+00
  2.8078526E-02  2.8710672E+00
  2.8411604E-02  2.8821727E+00
  2.8744682E-02  2.8932713E+00
  2.9077759E-02  2.9043629E+00
  2.9410837E-02  2.9154476E+00
  2.9743915E-02  2.9265253E+00
  3.0076992E-02  2.9375961E+00
  3.0410070E-02  2.9486600E+00
  3.0743148E-02  2.9597170E+00
  3.1076225E-02  2.9707670E+00
  3.1409303E-02  2.9818101E+00
  3.1742381E-02  2.9928463E+00
  3.2075458E-02  3.0038757E+00
  3.2408536E-02  3.0148981E+00
  3.2741614E-02  3.0259137E+00
  3.3074692E-02  3.0369223E+00
  3.3407769E-02  3.0479241E+00
  3.3740847E-02  3.0589191E+00
  3.4073925E-02  3.0699072E+00
  3.4407002E-02  3.0808884E+00
  3.4740080E-02  3.0918628E+00
  3.5073158E-02  3.1028303E+00
  3.5406235E-02  3.1137911E+00
  3.5739313E-02  3.1247450E+00
  3.6072391E-02  3.1356920E+00
  3.6405468E-02  3.1466323E+00
  3.6738546E-02  3.1575657E+00
  3.7071624E-02  3.1684924E+00
  3.7404702E-02  3.1794123E+00
  3.7737779E-02  3.1903253E+00
  3.8070857E-02  3.2012316E+00
  3.8403935E-02  3.2121312E+00
  3.8737012E-02  3.2230239E+00
  3.9070090E-02  3.2339099E+00
  3.9403168E-02  3.2447892E+00
  3.9736245E-02  3.2556617E+00
  4.0069323E-02  3.2665274E+00
  4.0402401E-02  3.2773864E+00
  4.0735478E-02  3.2882387E+00
  4.1068556E-02  3.2990843E+00
  4.1401634E-02  3.3099231E+00
  4.1734712E-02  3.3207553E+00
  4.2067789E-02  3.3315807E+00
  4.2400867E-02  3.3423994E+00
  4.2733945E-02  3.3532115E+00
  4.3067022E-02  3.3640168E+00
  4.3400100E-02  3.3748155E+00
  4.3733178E-02  3.3856075E+00
  4.4066255E-02  3.3963929E+00
  4.4399333E-02  3.4071716E+00
  4.4732411E-02  3.4179436E+00
  4.5065488E-02  3.4287090E+00
  4.5398566E-02  3.4394678E+00
  4.5731644E-02  3.4502199E+00
  4.6064722E-02  3.4609654E+00
  4.6397799E-02  3.4717042E+00
  4.6730877E-02  3.4824365E+00
  4.7063955E-02  3.4931621E+00
  4.7397032E-02  3.5038812E+00
  4.7730110E-02  3.5145936E+00
  4.8063188E-02  3.5252995E+00
  4.8396265E-02  3.5359988E+00
  4.8729343E-02  3.5466915E+00
  4.9062421E-02  3.5573776E+00
  4.9395498E-02  3.5680572E+00
  4.9728576E-02  3.5787302E+00
  5.0061654E-02  3.5893966E+00
  5.0394732E-02  3.6000565E+00
  5.0727809E-02  3.6107099E+00
  5.1060887E-02  3.6213567E+00
  5.1393965E-02  3.6319971E+00
  5.1727042E-02  3.6426308E+00
  5.2060120E-02  3.6532581E+00
  5.2393198E-02  3.6638789E+00
  5.2726275E-02  3.6744932E+00
  5.3059353E-02  3.6851009E+00
  5.3392431E-02  3.6957022E+00
  5.3725509E-02  3.7062970E+00
  5.4058586E-02  3.7168853E+00
  5.4391664E-02  3.7274672E+00
  5.4724742E-02  3.7380426E+00
  5.5057819E-02  3.7486115E+00
  5.5390897E-02  3.7591740E+00
  5.5723975E-02  3.7697300E+00
  5.6057052E-02  3.7802796E+00
  5.6390130E-02  3.7908228E+00
  5.6723208E-02  3.8013595E+00
  5.7056285E-02  3.8118898E+00
  5.7389363E-02  3.8224137E+00
  5.7722441E-02  3.8329312E+00
  5.8055519E-02  3.8434423E+00
  5.8388596E-02  3.8539470E+00
  5.8721674E-02  3.8644453E+00
  5.9054752E-02  3.8749372E+00
  5.9387829E-02  3.8854227E+00
  5.9720907E-02  3.8959019E+00
  6.0053985E-02  3.9063747E+00
  6.0387062E-02  3.9168412E+00
  6.0720140E-02  3.9273013E+00
  6.1053218E-02  3.9377550E+00
  6.1386295E-02  3.9482024E+00
  6.1719373E-02  3.9586435E+00
  6.2052451E-02  3.9690782E+00
  6.2385529E-02  3.9795066E+00
  6.2718606E-02  3.9899287E+00
  6.3051684E-02  4.0003445E+00
  6.3384762E-02  4.0107540E+00
  6.3717839E-02  4.0211572E+00
  6.4050917E-02  4.0315541E+00
  6.4383995E-02  4.0419447E+00
  6.4717072E-02  4.0523290E+00
  6.5050150E-02  4.0627071E+00
  6.5383228E-02  4.0730789E+00
  6.5716305E-02  4.0834444E+00
  6.6049383E-02  4.0938037E+00
  6.6382461E-02  4.1041567E+00
  6.6715539E-02  4.1145035E+00
  6.7048616E-02  4.1248440E+00
  6.7381694E-02  4.1351783E+00
  6.7714772E-02  4.1455064E+00
  6.8047849E-02  4.1558283E+00
  6.8380927E-02  4.1661439E+00
  6.8714005E-02  4.1764533E+00
  6.9047082E-02  4.1867566E+00
  6.9380160E-02  4.1970536E+00
  6.9713238E-02  4.2073445E+00
  7.0046315E-02  4.2176292E+00
  7.0379393E-02  4.2279077E+00
  7.0712471E-02  4.2381800E+00
  7.1045549E-02  4.2484462E+00
  7.1378626E-02  4.2587062E+00
  7.1711704E-02  4.2689600E+00
  7.2044782E-02  4.2792077E+00
  7.2377859E-02  4.2894493E+00
  7.2710937E-02  4.2996847E+00
  7.3044015E-02  4.3099140E+00
  7.3377092E-02  4.3201372E+00
  7.3710170E-02  4.3303542E+00
  7.4043248E-02  4.3405651E+00
  7.4376325E-02  4.3507700E+00
  7.4709403E-02  4.3609687E+00
  7.5042481E-02  4.3711614E+00
  7.5375559E-02  4.3813479E+00
  7.5708636E-02  4.3915284E+00
  7.6041714E-02  4.4017028E+00
  7.6374792E-02  4.4118711E+00
  7.6707869E-02  4.4220334E+00
  7.7040947E-02  4.4321896E+00
  7.7374025E-02  4.4423398E+00
  7.7707102E-02  4.4524839E+00
  7.8040180E-02  4.4626219E+00
  7.8373258E-02  4.4727540E+00
  7.8706335E-02  4.4828800E+00
  7.9039413E-02  4.4929999E+00
  7.9372491E-02  4.5031139E+00
  7.9705569E-02  4.5132219E+00
  8.0038646E-02  4.5233238E+00
  8.0371724E-02  4.5334198E+00
  8.0704802E-02  4.5435097E+00
  8.1037879E-02  4.5535937E+00
  8.1370957E-02  4.5636717E+00
  8.1704035E-02  4.5737437E+00
  8.2037112E-02  4.5838097E+00
  8.2370190E-02  4.5938698E+00
  8.2703268E-02  4.6039239E+00
  8.3036345E-02  4.6139721E+00
  8.3369423E-02  4.6240143E+00
  8.3702501E-02  4.6340506E+00
  8.4035579E-02  4.6440809E+00
  8.4368656E-02  4.6541053E+00
  8.4701734E-02  4.6641238E+00
  8.5034812E-02  4.6741364E+00
  8.5367889E-02  4.6841431E+00
  8.5700967E-02  4.6941438E+00
  8.6034045E-02  4.7041387E+00
  8.6367122E-02  4.7141277E+00
  8.6700200E-02  4.7241107E+00
  8.7033278E-02  4.7340879E+00
  8.7366355E-02  4.7440592E+00
  8.7699433E-02  4.7540247E+00
  8.8032511E-02  4.7639842E+00
  8.8365589E-02  4.7739380E+00
  8.8698666E-02  4.7838858E+00
  8.9031744E-02  4.7938278E+00
  8.9364822E-02  4.8037640E+00
  8.9697899E-02  4.8136944E+00
  9.0030977E-02  4.8236189E+00
  9.0364055E-02  4.8335375E+00
  9.0697132E-02  4.8434504E+00
  9.1030210E-02  4.8533574E+00
  9.1363288E-02  4.8632587E+00
  9.1696365E-02  4.8731541E+00
  9.2029443E-02  4.8830438E+00
  9.2362521E-02  4.8929276E+00
  9.2695599E-02  4.9028057E+00
  9.3028676E-02  4.9126780E+00
  9.3361754E-02  4.9225445E+00
  9.3694832E-02  4.9324052E+00
  9.4027909E-02  4.9422602E+00
  9.4360987E-02  4.9521094E+00
  9.4694065E-02  4.9619529E+00
  9.5027142E-02  4.9717906E+00
  9.5360220E-02  4.9816226E+00
  9.5693298E-02  4.9914489E+00
  9.6026375E-02  5.0012694E+00
  9.6359453E-02  5.0110842E+00
  9.6692531E-02  5.0208933E+00
  9.7025609E-02  5.0306966E+00
  9.7358686E-02  5.0404943E+00
  9.7691764E-02  5.0502863E+00
  9.8024842E-02  5.0600725E+00
  9.8357919E-02  5.0698531E+00
  9.8690997E-02  5.0796280E+00
  9.9024075E-02  5.0893973E+00
  9.9357152E-02  5.0991608E+00
  9.9690230E-02  5.1089187E+00
  1.0002331E-01  5.1186709E+00
  1.0035639E-01  5.1284175E+00
  1.0068946E-01  5.1381584E+00
  1.0102254E-01  5.1478937E+00
  1.0135562E-01  5.1576233E+00
  1.0168870E-01  5.1673473E+00
  1.0202177E-01  5.1770657E+00
  1.0235485E-01  5.1867785E+00
  1.0268793E-01  5.1964856E+00
  1.0302101E-01  5.2061871E+00
  1.0335408E-01  5.2158831E+00
  1.0368716E-01  5.2255734E+00
  1.0402024E-01  5.2352581E+00
  1.0435332E-01  5.2449373E+00
  1.0468640E-01  5.2546108E+00
  1.0501947E-01  5.2642788E+00
  1.0535255E-01  5.2739412E+00
  1.0568563E-01  5.2835981E+00
  1.0601871E-01  5.2932494E+00
  1.0635178E-01  5.3028951E+00
  1.0668486E-01  5.3125353E+00
  1.0701794E-01  5.3221699E+00
  1.0735102E-01  5.3317990E+00
  1.0768409E-01  5.3414226E+00
  1.0801717E-01  5.3510406E+00
  1.0835025E-01  5.3606531E+00
  1.0868333E-01  5.3702601E+00
  1.0901641E-01  5.3798616E+00
  1.0934948E-01  5.3894576E+00
  1.0968256E-01  5.3990481E+00
  1.1001564E-01  5.4086331E+00
  1.1034872E-01  5.4182126E+00
  1.1068179E-01  5.4277866E+00
  1.1101487E-01  5.4373552E+00
  1.1134795E-01  5.4469182E+00
  1.1168103E-01  5.4564759E+00
  1.1201410E-01  5.4660280E+00
  1.1234718E-01  5.4755747E+00
  1.1268026E-01  5.4851159E+00
  1.1301334E-01  5.4946517E+00
  1.1334642E-01  5.5041821E+00
  1.1367949E-01  5.5137070E+00
  1.1401257E-01  5.5232265E+00
  1.1434565E-01  5.5327405E+00
  1.1467873E-01  5.5422492E+00
  1.1501180E-01  5.5517524E+00
  1.1534488E-01  5.5612502E+00
  1.1567796E-01  5.5707427E+00
  1.1601104E-01  5.5802297E+00
  1.1634411E-01  5.5897113E+00
  1.1667719E-01  5.5991876E+00
  1.1701027E-01  5.6086585E+00
  1.1734335E-01  5.6181240E+00
  1.1767643E-01  5.6275841E+00
  1.1800950E-01  5.6370389E+00
  1.1834258E-01  5.6464883E+00
  1.1867566E-01  5.6559323E+00
  1.1900874E-01  5.6653710E+00
  1.1934181E-01  5.6748044E+00
  1.1967489E-01  5.6842324E+00
  1.2000797E-01  5.6936551E+00
  1.2034105E-01  5.7030725E+00
  1.2067412E-01  5.7124846E+00
  1.2100720E-01  5.7218913E+00
  1.2134028E-01  5.7312927E+00
  1.2167336E-01  5.7406889E+00
  1.2200644E-01  5.7500797E+00
  1.2233951E-01  5.7594652E+00
  1.2267259E-01  5.7688454E+00
  1.2300567E-01  5.7782204E+00
  1.2333875E-01  5.7875901E+00
  1.2367182E-01  5.7969545E+00
  1.2400490E-01  5.8063136E+00
  1.2433798E-01  5.8156675E+00
  1.2467106E-01  5.8250161E+00
  1.2500413E-01  5.8343595E+00
  1.2533721E-01  5.8436976E+00
  1.2567029E-01  5.8530305E+00
  1.2600337E-01  5.8623581E+00
  1.2633645E-01  5.8716806E+00
  1.2666952E-01  5.8809977E+00
  1.2700260E-01  5.8903097E+00
  1.2733568E-01  5.8996165E+00
  1.2766876E-01  5.9089180E+00
  1.2800183E-01  5.9182144E+00
  1.2833491E-01  5.9275055E+00
  1.2866799E-01  5.9367915E+00
  1.2900107E-01  5.9460722E+00
  1.2933414E-01  5.9553478E+00
  1.2966722E-01  5.9646182E+00
  1.3000030E-01  5.9738834E+00
  1.3033338E-01  5.9831435E+00
  1.3066646E-01  5.9923984E+00
  1.3099953E-01  6.0016482E+00
  1.3133261E-01  6.0108928E+00
  1.3166569E-01  6.0201322E+00
  1.3199877E-01  6.0293665E+00
  1.3233184E-01  6.0385957E+00
  1.3266492E-01  6.0478197E+00
  1.3299800E-01  6.0570387E+00
  1.3333108E-01  6.0662524E+00
  1.3366415E-01  6.0754611E+00
  1.3399723E-01  6.0846647E+00
  1.3433031E-01  6.0938632E+00
  1.3466339E-01  6.1030565E+00
  1.3499647E-01  6.1122448E+00
  1.3532954E-01  6.1214280E+00
  1.3566262E-01  6.1306061E+00
  1.3599570E-01  6.1397791E+00
  1.3632878E-01  6.1489471E+00
  1.3666185E-01  6.1581100E+00
  1.3699493E-01  6.1672678E+00
  1.3732801E-01  6.1764206E+00
  1.3766109E-01  6.1855683E+00
  1.3799416E-01  6.1947110E+00
  1.3832724E-01  6.2038486E+00
  1.3866032E-01  6.2129812E+00
  1.3899340E-01  6.2221087E+00
  1.3932648E-01  6.2312313E+00
  1.3965955E-01  6.2403488E+00
  1.3999263E-01  6.2494612E+00
  1.4032571E-01  6.2585687E+00
  1.4065879E-01  6.2676712E+00
  1.4099186E-01  6.2767687E+00
  1.4132494E-01  6.2858612E+00
  1.4165802E-01  6.2949486E+00
  1.4199110E-01  6.3040311E+00
  1.4232417E-01  6.3131087E+00
  1.4265725E-01  6.3221812E+00
  1.4299033E-01  6.3312488E+00
  1.4332341E-01  6.3403114E+00
  1.4365649E-01  6.3493690E+00
  1.4398956E-01  6.3584217E+00
  1.4432264E-01  6.3674695E+00
  1.4465572E-01  6.3765123E+00
  1.4498880E-01  6.3855501E+00
  1.4532187E-01  6.3945831E+00
  1.4565495E-01  6.4036111E+00
  1.4598803E-01  6.4126341E+00
  1.4632111E-01  6.4216523E+00
  1.4665418E-01  6.4306655E+00
  1.4698726E-01  6.4396739E+00
  1.4732034E-01  6.4486773E+00
  1.4765342E-01  6.4576758E+00
  1.4798650E-01  6.4666694E+00
  1.4831957E-01  6.4756582E+00
  1.4865265E-01  6.4846420E+00
  1.4898573E-01  6.4936210E+00
  1.4931881E-01  6.5025951E+00
  1.4965188E-01  6.5115644E+00
  1.4998496E-01  6.5205287E+00
  1.5031804E-01  6.5294883E+00
  1.5065112E-01  6.5384429E+00
  1.5098419E-01  6.5473927E+00
  1.5131727E-01  6.5563377E+00
  1.5165035E-01  6.5652778E+00
  1.5198343E-01  6.5742131E+00
  1.5231651E-01  6.5831436E+00
  1.5264958E-01  6.5920692E+00
  1.5298266E-01  6.6009901E+00
  1.5331574E-01  6.6099061E+00
  1.5364882E-01  6.6188173E+00
  1.5398189E-01  6.6277237E+00
  1.5431497E-01  6.6366253E+00
  1.5464805E-01  6.6455221E+00
  1.5498113E-01  6.6544141E+00
  1.5531420E-01  6.6633013E+00
  1.5564728E-01  6.6721838E+00
  1.5598036E-01  6.6810615E+00
  1.5631344E-01  6.6899344E+00
  1.5664652E-01  6.6988025E+00
  1.5697959E-01  6.7076659E+00
  1.5731267E-01  6.7165246E+00
  1.5764575E-01  6.7253785E+00
  1.5797883E-01  6.7342276E+00
  1.5831190E-01  6.7430720E+00
  1.5864498E-01  6.7519117E+00
  1.5897806E-01  6.7607466E+00
  1.5931114E-01  6.7695768E+00
  1.5964421E-01  6.7784023E+00
  1.5997729E-01  6.7872231E+00
  1.6031037E-01  6.7960392E+00
  1.6064345E-01  6.8048506E+00
  1.6097653E-01  6.8136572E+00
  1.6130960E-01  6.8224592E+00
  1.6164268E-01  6.8312565E+00
  1.6197576E-01  6.8400491E+00
  1.6230884E-01  6.8488370E+00
  1.6264191E-01  6.8576203E+00
  1.6297499E-01  6.8663989E+00
  1.6330807E-01  6.8751728E+00
  1.6364115E-01  6.8839420E+00
  1.6397422E-01  6.8927066E+00
  1.6430730E-01  6.9014666E+00
  1.6464038E-01  6.9102219E+00
  1.6497346E-01  6.9189725E+00
  1.6530654E-01  6.9277185E+00
  1.6563961E-01  6.9364599E+00
  1.6597269E-01  6.9451967E+00
  1.6630577E-01  6.9539288E+00
  1.6663885E-01  6.9626564E+00
  1.6697192E-01  6.9713793E+00
  1.6730500E-01  6.9800976E+00
  1.6763808E-01  6.9888113E+00
  1.6797116E-01  6.9975204E+00
  1.6830423E-01  7.0062249E+00
  1.6863731E-01  7.0149249E+00
  1.6897039E-01  7.0236202E+00
  1.6930347E-01  7.0323110E+00
  1.6963655E-01  7.0409972E+00
  1.6996962E-01  7.0496788E+00
  1.7030270E-01  7.0583559E+00
  1.7063578E-01  7.0670284E+00
  1.7096886E-01  7.0756963E+00
  1.7130193E-01  7.0843598E+00
  1.7163501E-01  7.0930186E+00
  1.7196809E-01  7.1016729E+00
  1.7230117E-01  7.1103227E+00
  1.7263424E-01  7.1189680E+00
  1.7296732E-01  7.1276087E+00
  1.7330040E-01  7.1362449E+00
  1.7363348E-01  7.1448766E+00
  1.7396656E-01  7.1535038E+00
  1.7429963E-01  7.1621265E+00
  1.7463271E-01  7.1707447E+00
  1.7496579E-01  7.1793584E+00
  1.7529887E-01  7.1879676E+00
  1.7563194E-01  7.1965723E+00
  1.7596502E-01  7.2051725E+00
  1.7629810E-01  7.2137683E+00
  1.7663118E-01  7.2223596E+00
  1.7696425E-01  7.2309464E+00
  1.7729733E-01  7.2395287E+00
  1.7763041E-01  7.2481066E+00
  1.7796349E-01  7.2566801E+00
  1.7829657E-01  7.2652491E+00
  1.7862964E-01  7.2738136E+00
  1.7896272E-01  7.2823737E+00
  1.7929580E-01  7.2909294E+00
  1.7962888E-01  7.2994806E+00
  1.7996195E-01  7.3080275E+00
  1.8029503E-01  7.3165699E+00
  1.8062811E-01  7.3251078E+00
  1.8096119E-01  7.3336414E+00
  1.8129426E-01  7.3421706E+00
  1.8162734E-01  7.3506954E+00
  1.8196042E-01  7.3592157E+00
  1.8229350E-01  7.3677317E+00
  1.8262658E-01  7.3762433E+00
  1.8295965E-01  7.3847505E+00
  1.8329273E-01  7.3932534E+00
  1.8362581E-01  7.4017518E+00
  1.8395889E-01  7.4102459E+00
  1.8429196E-01  7.4187357E+00
  1.8462504E-01  7.4272210E+00
  1.8495812E-01  7.4357021E+00
  1.8529120E-01  7.4441787E+00
  1.8562427E-01  7.4526511E+00
  1.8595735E-01  7.4611190E+00
  1.8629043E-01  7.4695827E+00
  1.8662351E-01  7.4780420E+00
  1.8695659E-01  7.4864970E+00
  1.8728966E-01  7.4949477E+00
  1.8762274E-01  7.5033940E+00
  1.8795582E-01  7.5118361E+00
  1.8828890E-01  7.5202738E+00
  1.8862197E-01  7.5287073E+00
  1.8895505E-01  7.5371364E+00
  1.8928813E-01  7.5455613E+00
  1.8962121E-01  7.5539818E+00
  1.8995428E-01  7.5623981E+00
  1.9028736E-01  7.5708101E+00
  1.9062044E-01  7.5792178E+00
  1.9095352E-01  7.5876213E+00
  1.9128660E-01  7.5960204E+00
  1.9161967E-01  7.6044154E+00
  1.9195275E-01  7.6128060E+00
  1.9228583E-01  7.6211924E+00
  1.9261891E-01  7.6295746E+00
  1.9295198E-01  7.6379525E+00
  1.9328506E-01  7.6463262E+00
  1.9361814E-01  7.6546957E+00
  1.9395122E-01  7.6630609E+00
  1.9428429E-01  7.6714219E+00
  1.9461737E-01  7.6797787E+00
  1.9495045E-01  7.6881313E+00
  1.9528353E-01  7.6964797E+00
  1.9561661E-01  7.7048238E+00
  1.9594968E-01  7.7131638E+00
  1.9628276E-01  7.7214995E+00
  1.9661584E-01  7.7298311E+00
  1.9694892E-01  7.7381585E+00
  1.9728199E-01  7.7464817E+00
  1.9761507E-01  7.7548007E+00
  1.9794815E-01  7.7631155E+00
  1.9828123E-01  7.7714262E+00
  1.9861430E-01  7.7797327E+00
  1.9894738E-01  7.7880351E+00
  1.9928046E-01  7.7963333E+00
  1.9961354E-01  7.8046273E+00
  1.9994662E-01  7.8129172E+00
  2.0027969E-01  7.8212030E+00
  2.0061277E-01  7.8294846E+00
  2.0094585E-01  7.8377621E+00
  2.0127893E-01  7.8460355E+00
  2.0161200E-01  7.8543047E+00
  2.0194508E-01  7.8625699E+00
  2.0227816E-01  7.8708309E+00
  2.0261124E-01  7.8790878E+00
  2.0294431E-01  7.8873406E+00
  2.0327739E-01  7.8955893E+00
  2.0361047E-01  7.9038339E+00
  2.0394355E-01  7.9120744E+00
  2.0427663E-01  7.9203108E+00
  2.0460970E-01  7.9285431E+00
  2.0494278E-01  7.9367714E+00
  2.0527586E-01  7.9449956E+00
  2.0560894E-01  7.9532157E+00
  2.0594201E-01  7.9614318E+00
  2.0627509E-01  7.9696438E+00
  2.0660817E-01  7.9778517E+00
  2.0694125E-01  7.9860556E+00
  2.0727432E-01  7.9942554E+00
  2.0760740E-01  8.0024512E+00
  2.0794048E-01  8.0106430E+00
  2.0827356E-01  8.0188307E+00
  2.0860664E-01  8.0270144E+00
  2.0893971E-01  8.0351941E+00
  2.0927279E-01  8.0433698E+00
  2.0960587E-01  8.0515414E+00
  2.0993895E-01  8.0597091E+00
  2.1027202E-01  8.0678727E+00
  2.1060510E-01  8.0760323E+00
  2.1093818E-01  8.0841880E+00
  2.1127126E-01  8.0923396E+00
  2.1160433E-01  8.1004872E+00
  2.1193741E-01  8.1086309E+00
  2.1227049E-01  8.1167706E+00
  2.1260357E-01  8.1249063E+00
  2.1293665E-01  8.1330380E+00
  2.1326972E-01  8.1411658E+00
  2.1360280E-01  8.1492896E+00
  2.1393588E-01  8.1574095E+00
  2.1426896E-01  8.1655254E+00
  2.1460203E-01  8.1736374E+00
  2.1493511E-01  8.1817454E+00
  2.1526819E-01  8.1898494E+00
  2.1560127E-01  8.1979496E+00
  2.1593434E-01  8.2060458E+00
  2.1626742E-01  8.2141381E+00
  2.1660050E-01  8.2222264E+00
  2.1693358E-01  8.2303109E+00
  2.1726666E-01  8.2383914E+00
  2.1759973E-01  8.2464680E+00
  2.1793281E-01  8.2545408E+00
  2.1826589E-01  8.2626096E+00
  2.1859897E-01  8.2706745E+00
  2.1893204E-01  8.2787356E+00
  2.1926512E-01  8.2867927E+00
  2.1959820E-01  8.2948460E+00
  2.1993128E-01  8.3028954E+00
  2.2026435E-01  8.3109409E+00
  2.2059743E-01  8.3189825E+00
  2.2093051E-01  8.3270203E+00
  2.2126359E-01  8.3350542E+00
  2.2159667E-01  8.3430843E+00
  2.2192974E-01  8.3511105E+00
  2.2226282E-01  8.3591329E+00
  2.2259590E-01  8.3671514E+00
  2.2292898E-01  8.3751661E+00
  2.2326205E-01  8.3831770E+00
  2.2359513E-01  8.3911840E+00
  2.2392821E-01  8.3991872E+00
  2.2426129E-01  8.4071866E+00
  2.2459436E-01  8.4151821E+00
  2.2492744E-01  8.4231739E+00
  2.2526052E-01  8.4311618E+00
  2.2559360E-01  8.4391460E+00
  2.2592668E-01  8.4471263E+00
  2.2625975E-01  8.4551029E+00
  2.2659283E-01  8.4630756E+00
  2.2692591E-01  8.4710446E+00
  2.2725899E-01  8.4790098E+00
  2.2759206E-01  8.4869712E+00
  2.2792514E-01  8.4949289E+00
  2.2825822E-01  8.5028827E+00
  2.2859130E-01  8.5108329E+00
  2.2892437E-01  8.5187792E+00
  2.2925745E-01  8.5267218E+00
  2.2959053E-01  8.5346607E+00
  2.2992361E-01  8.5425958E+00
  2.3025669E-01  8.5505271E+00
  2.3058976E-01  8.5584547E+00
  2.3092284E-01  8.5663786E+00
  2.3125592E-01  8.5742988E+00
  2.3158900E-01  8.5822152E+00
  2.3192207E-01  8.5901279E+00
  2.3225515E-01  8.5980369E+00
  2.3258823E-01  8.6059422E+00
  2.3292131E-01  8.6138437E+00
  2.3325438E-01  8.6217416E+00
  2.3358746E-01  8.6296358E+00
  2.3392054E-01  8.6375263E+00
  2.3425362E-01  8.6454130E+00
  2.3458670E-01  8.6532961E+00
  2.3491977E-01  8.6611755E+00
  2.3525285E-01  8.6690513E+00
  2.3558593E-01  8.6769233E+00
  2.3591901E-01  8.6847917E+00
  2.3625208E-01  8.6926565E+00
  2.3658516E-01  8.7005175E+00
  2.3691824E-01  8.7083749E+00
  2.3725132E-01  8.7162287E+00
  2.3758439E-01  8.7240788E+00
  2.3791747E-01  8.7319253E+00
  2.3825055E-01  8.7397681E+00
  2.3858363E-01  8.7476073E+00
  2.3891671E-01  8.7554428E+00
  2.3924978E-01  8.7632748E+00
  2.3958286E-01  8.7711031E+00
  2.3991594E-01  8.7789278E+00
  2.4024902E-01  8.7867488E+00
  2.4058209E-01  8.7945663E+00
  2.4091517E-01  8.8023802E+00
  2.4124825E-01  8.8101904E+00
  2.4158133E-01  8.8179971E+00
  2.4191440E-01  8.8258002E+00
  2.4224748E-01  8.8335996E+00
  2.4258056E-01  8.8413955E+00
  2.4291364E-01  8.8491879E+00
  2.4324672E-01  8.8569766E+00
  2.4357979E-01  8.8647618E+00
  2.4391287E-01  8.8725434E+00
  2.4424595E-01  8.8803214E+00
  2.4457903E-01  8.8880959E+00
  2.4491210E-01  8.8958668E+00
  2.4524518E-01  8.9036342E+00
  2.4557826E-01  8.9113980E+00
  2.4591134E-01  8.9191583E+00
  2.4624441E-01  8.9269150E+00
  2.4657749E-01  8.9346683E+00
  2.4691057E-01  8.9424179E+00
  2.4724365E-01  8.9501641E+00
  2.4757673E-01  8.9579067E+00
  2.4790980E-01  8.9656458E+00
  2.4824288E-01  8.9733814E+00
  2.4857596E-01  8.9811135E+00
  2.4890904E-01  8.9888421E+00
  2.4924211E-01  8.9965672E+00
  2.4957519E-01  9.0042888E+00
  2.4990827E-01  9.0120069E+00
  2.5024135E-01  9.0197215E+00
  2.5057442E-01  9.0274327E+00
  2.5090750E-01  9.0351403E+00
  2.5124058E-01  9.0428445E+00
  2.5157366E-01  9.0505452E+00
  2.5190674E-01  9.0582424E+00
  2.5223981E-01  9.0659362E+00
  2.5257289E-01  9.0736265E+00
  2.5290597E-01  9.0813134E+00
  2.5323905E-01  9.0889968E+00
  2.5357212E-01  9.0966768E+00
  2.5390520E-01  9.1043533E+00
  2.5423828E-01  9.1120264E+00
  2.5457136E-01  9.1196960E+00
  2.5490443E-01  9.1273623E+00
  2.5523751E-01  9.1350251E+00
  2.5557059E-01  9.1426844E+00
  2.5590367E-01  9.1503404E+00
  2.5623675E-01  9.1579929E+00
  2.5656982E-01  9.1656421E+00
  2.5690290E-01  9.1732878E+00
  2.5723598E-01  9.1809301E+00
  2.5756906E-01  9.1885691E+00
  2.5790213E-01  9.1962046E+00
  2.5823521E-01  9.2038367E+00
  2.5856829E-01  9.2114655E+00
  2.5890137E-01  9.2190909E+00
  2.5923444E-01  9.2267129E+00
  2.5956752E-01  9.2343316E+00
  2.5990060E-01  9.2419468E+00
  2.6023368E-01  9.2495587E+00
  2.6056676E-01  9.2571673E+00
  2.6089983E-01  9.2647725E+00
  2.6123291E-01  9.2723743E+00
  2.6156599E-01  9.2799728E+00
  2.6189907E-01  9.2875680E+00
  2.6223214E-01  9.2951598E+00
  2.6256522E-01  9.3027483E+00
  2.6289830E-01  9.3103334E+00
  2.6323138E-01  9.3179152E+00
  2.6356445E-01  9.3254937E+00
  2.6389753E-01  9.3330689E+00
  2.6423061E-01  9.3406408E+00
  2.6456369E-01  9.3482093E+00
  2.6489677E-01  9.3557746E+00
  2.6522984E-01  9.3633365E+00
  2.6556292E-01  9.3708952E+00
  2.6589600E-01  9.3784505E+00
  2.6622908E-01  9.3860026E+00
  2.6656215E-01  9.3935513E+00
  2.6689523E-01  9.4010968E+00
  2.6722831E-01  9.4086391E+00
  2.6756139E-01  9.4161780E+00
  2.6789446E-01  9.4237137E+00
  2.6822754E-01  9.4312461E+00
  2.6856062E-01  9.4387752E+00
  2.6889370E-01  9.4463011E+00
  2.6922678E-01  9.4538237E+00
  2.6955985E-01  9.4613431E+00
  2.6989293E-01  9.4688593E+00
  2.7022601E-01  9.4763722E+00
  2.7055909E-01  9.4838818E+00
  2.7089216E-01  9.4913882E+00
  2.7122524E-01  9.4988914E+00
  2.7155832E-01  9.5063914E+00
  2.7189140E-01  9.5138882E+00
  2.7222447E-01  9.5213817E+00
  2.7255755E-01  9.5288720E+00
  2.7289063E-01  9.5363591E+00
  2.7322371E-01  9.5438430E+00
  2.7355679E-01  9.5513237E+00
  2.7388986E-01  9.5588013E+00
  2.7422294E-01  9.5662756E+00
  2.7455602E-01  9.5737467E+00
  2.7488910E-01  9.5812146E+00
  2.7522217E-01  9.5886794E+00
  2.7555525E-01  9.5961410E+00
  2.7588833E-01  9.6035994E+00
  2.7622141E-01  9.6110546E+00
  2.7655448E-01  9.6185067E+00
  2.7688756E-01  9.6259556E+00
  2.7722064E-01  9.6334014E+00
  2.7755372E-01  9.6408440E+00
  2.7788680E-01  9.6482835E+00
  2.7821987E-01  9.6557198E+00
  2.7855295E-01  9.6631529E+00
  2.7888603E-01  9.6705830E+00
  2.7921911E-01  9.6780099E+00
  2.7955218E-01  9.6854337E+00
  2.7988526E-01  9.6928543E+00
  2.8021834E-01  9.7002718E+00
  2.8055142E-01  9.7076862E+00
  2.8088449E-01  9.7150975E+00
  2.8121757E-01  9.7225057E+00
  2.8155065E-01  9.7299108E+00
  2.8188373E-01  9.7373128E+00
  2.8221681E-01  9.7447117E+00
  2.8254988E-01  9.7521075E+00
  2.8288296E-01  9.7595002E+00
  2.8321604E-01  9.7668898E+00
  2.8354912E-01  9.7742763E+00
  2.8388219E-01  9.7816598E+00
  2.8421527E-01  9.7890402E+00
  2.8454835E-01  9.7964175E+00
  2.8488143E-01  9.8037917E+00
  2.8521450E-01  9.8111629E+00
  2.8554758E-01  9.8185311E+00
  2.8588066E-01  9.8258961E+00
  2.8621374E-01  9.8332582E+00
  2.8654682E-01  9.8406172E+00
  2.8687989E-01  9.8479731E+00
  2.8721297E-01  9.8553260E+00
  2.8754605E-01  9.8626759E+00
  2.8787913E-01  9.8700227E+00
  2.8821220E-01  9.8773665E+00
  2.8854528E-01  9.8847073E+00
  2.8887836E-01  9.8920451E+00
  2.8921144E-01  9.8993799E+00
  2.8954451E-01  9.9067116E+00
  2.8987759E-01  9.9140404E+00
  2.9021067E-01  9.9213661E+00
  2.9054375E-01  9.9286889E+00
  2.9087683E-01  9.9360086E+00
  2.9120990E-01  9.9433254E+00
  2.9154298E-01  9.9506391E+00
  2.9187606E-01  9.9579499E+00
  2.9220914E-01  9.9652577E+00
  2.9254221E-01  9.9725626E+00
  2.9287529E-01  9.9798645E+00
  2.9320837E-01  9.9871634E+00
  2.9354145E-01  9.9944593E+00
  2.9387452E-01  1.0001752E+01
  2.9420760E-01  1.0009042E+01
  2.9454068E-01  1.0016329E+01
  2.9487376E-01  1.0023613E+01
  2.9520684E-01  1.0030895E+01
  2.9553991E-01  1.0038173E+01
  2.9587299E-01  1.0045448E+01
  2.9620607E-01  1.0052721E+01
  2.9653915E-01  1.0059990E+01
  2.9687222E-01  1.0067257E+01
  2.9720530E-01  1.0074520E+01
  2.9753838E-01  1.0081781E+01
  2.9787146E-01  1.0089039E+01
  2.9820453E-01  1.0096294E+01
  2.9853761E-01  1.0103545E+01
  2.9887069E-01  1.0110795E+01
  2.9920377E-01  1.0118041E+01
  2.9953685E-01  1.0125284E+01
  2.9986992E-01  1.0132524E+01
  3.0020300E-01  1.0139762E+01
  3.0053608E-01  1.0146996E+01
  3.0086916E-01  1.0154228E+01
  3.0120223E-01  1.0161457E+01
  3.0153531E-01  1.0168683E+01
  3.0186839E-01  1.0175906E+01
  3.0220147E-01  1.0183126E+01
  3.0253454E-01  1.0190344E+01
  3.0286762E-01  1.0197558E+01
  3.0320070E-01  1.0204770E+01
  3.0353378E-01  1.0211979E+01
  3.0386686E-01  1.0219185E+01
  3.0419993E-01  1.0226388E+01
  3.0453301E-01  1.0233589E+01
  3.0486609E-01  1.0240786E+01
  3.0519917E-01  1.0247981E+01
  3.0553224E-01  1.0255173E+01
  3.0586532E-01  1.0262362E+01
  3.0619840E-01  1.0269548E+01
  3.0653148E-01  1.0276731E+01
  3.0686455E-01  1.0283912E+01
  3.0719763E-01  1.0291090E+01
  3.0753071E-01  1.0298265E+01
  3.0786379E-01  1.0305437E+01
  3.0819687E-01  1.0312606E+01
  3.0852994E-01  1.0319773E+01
  3.0886302E-01  1.0326937E+01
  3.0919610E-01  1.0334098E+01
  3.0952918E-01  1.0341256E+01
  3.0986225E-01  1.0348412E+01
  3.1019533E-01  1.0355564E+01
  3.1052841E-01  1.0362714E+01
  3.1086149E-01  1.0369862E+01
  3.1119456E-01  1.0377006E+01
  3.1152764E-01  1.0384148E+01
  3.1186072E-01  1.0391287E+01
  3.1219380E-01  1.0398423E+01
  3.1252688E-01  1.0405556E+01
  3.1285995E-01  1.0412687E+01
  3.1319303E-01  1.0419815E+01
  3.1352611E-01  1.0426940E+01
  3.1385919E-01  1.0434063E+01
  3.1419226E-01  1.0441183E+01
  3.1452534E-01  1.0448300E+01
  3.1485842E-01  1.0455414E+01
  3.1519150E-01  1.0462526E+01
  3.1552457E-01  1.0469635E+01
  3.1585765E-01  1.0476741E+01
  3.1619073E-01  1.0483845E+01
  3.1652381E-01  1.0490945E+01
  3.1685689E-01  1.0498044E+01
  3.1718996E-01  1.0505139E+01
  3.1752304E-01  1.0512232E+01
  3.1785612E-01  1.0519322E+01
  3.1818920E-01  1.0526409E+01
  3.1852227E-01  1.0533494E+01
  3.1885535E-01  1.0540576E+01
  3.1918843E-01  1.0547656E+01
  3.1952151E-01  1.0554732E+01
  3.1985458E-01  1.0561806E+01
  3.2018766E-01  1.0568878E+01
  3.2052074E-01  1.0575947E+01
  3.2085382E-01  1.0583013E+01
  3.2118690E-01  1.0590076E+01
  3.2151997E-01  1.0597137E+01
  3.2185305E-01  1.0604195E+01
  3.2218613E-01  1.0611251E+01
  3.2251921E-01  1.0618304E+01
  3.2285228E-01  1.0625354E+01
  3.2318536E-01  1.0632402E+01
  3.2351844E-01  1.0639447E+01
  3.2385152E-01  1.0646489E+01
  3.2418459E-01  1.0653529E+01
  3.2451767E-01  1.0660567E+01
  3.2485075E-01  1.0667601E+01
  3.2518383E-01  1.0674633E+01
  3.2551691E-01  1.0681663E+01
  3.2584998E-01  1.0688690E+01
  3.2618306E-01  1.0695714E+01
  3.2651614E-01  1.0702736E+01
  3.2684922E-01  1.0709755E+01
  3.2718229E-01  1.0716771E+01
  3.2751537E-01  1.0723785E+01
  3.2784845E-01  1.0730797E+01
  3.2818153E-01  1.0737805E+01
  3.2851460E-01  1.0744812E+01
  3.2884768E-01  1.0751815E+01
  3.2918076E-01  1.0758817E+01
  3.2951384E-01  1.0765815E+01
  3.2984692E-01  1.0772811E+01
  3.3017999E-01  1.0779805E+01
  3.3051307E-01  1.0786796E+01
  3.3084615E-01  1.0793784E+01
  3.3117923E-01  1.0800770E+01
  3.3151230E-01  1.0807754E+01
  3.3184538E-01  1.0814734E+01
  3.3217846E-01  1.0821713E+01
  3.3251154E-01  1.0828689E+01
  3.3284461E-01  1.0835662E+01
  3.3317769E-01  1.0842633E+01
  3.3351077E-01  1.0849601E+01
  3.3384385E-01  1.0856567E+01
  3.3417693E-01  1.0863530E+01
  3.3451000E-01  1.0870491E+01
  3.3484308E-01  1.0877449E+01
  3.3517616E-01  1.0884405E+01
  3.3550924E-01  1.0891359E+01
  3.3584231E-01  1.0898309E+01
  3.3617539E-01  1.0905258E+01
  3.3650847E-01  1.0912204E+01
  3.3684155E-01  1.0919147E+01
  3.3717462E-01  1.0926088E+01
  3.3750770E-01  1.0933027E+01
  3.3784078E-01  1.0939963E+01
  3.3817386E-01  1.0946896E+01
  3.3850694E-01  1.0953828E+01
  3.3884001E-01  1.0960756E+01
  3.3917309E-01  1.0967683E+01
  3.3950617E-01  1.0974606E+01
  3.3983925E-01  1.0981528E+01
  3.4017232E-01  1.0988447E+01
  3.4050540E-01  1.0995363E+01
  3.4083848E-01  1.1002278E+01
  3.4117156E-01  1.1009189E+01
  3.4150463E-01  1.1016099E+01
  3.4183771E-01  1.1023005E+01
  3.4217079E-01  1.1029910E+01
  3.4250387E-01  1.1036812E+01
  3.4283695E-01  1.1043712E+01
  3.4317002E-01  1.1050609E+01
  3.4350310E-01  1.1057504E+01
  3.4383618E-01  1.1064396E+01
  3.4416926E-01  1.1071286E+01
  3.4450233E-01  1.1078174E+01
  3.4483541E-01  1.1085060E+01
  3.4516849E-01  1.1091943E+01
  3.4550157E-01  1.1098823E+01
  3.4583464E-01  1.1105701E+01
  3.4616772E-01  1.1112577E+01
  3.4650080E-01  1.1119451E+01
  3.4683388E-01  1.1126322E+01
  3.4716696E-01  1.1133191E+01
  3.4750003E-01  1.1140057E+01
  3.4783311E-01  1.1146921E+01
  3.4816619E-01  1.1153783E+01
  3.4849927E-01  1.1160642E+01
  3.4883234E-01  1.1167499E+01
  3.4916542E-01  1.1174354E+01
  3.4949850E-01  1.1181207E+01
  3.4983158E-01  1.1188057E+01
  3.5016465E-01  1.1194904E+01
  3.5049773E-01  1.1201750E+01
  3.5083081E-01  1.1208593E+01
  3.5116389E-01  1.1215434E+01
  3.5149697E-01  1.1222272E+01
  3.5183004E-01  1.1229109E+01
  3.5216312E-01  1.1235943E+01
  3.5249620E-01  1.1242774E+01
  3.5282928E-01  1.1249604E+01
  3.5316235E-01  1.1256431E+01
  3.5349543E-01  1.1263255E+01
  3.5382851E-01  1.1270078E+01
  3.5416159E-01  1.1276898E+01
  3.5449466E-01  1.1283716E+01
  3.5482774E-01  1.1290532E+01
  3.5516082E-01  1.1297345E+01
  3.5549390E-01  1.1304156E+01
  3.5582698E-01  1.1310965E+01
  3.5616005E-01  1.1317772E+01
  3.5649313E-01  1.1324576E+01
  3.5682621E-01  1.1331378E+01
  3.5715929E-01  1.1338178E+01
  3.5749236E-01  1.1344976E+01
  3.5782544E-01  1.1351771E+01
  3.5815852E-01  1.1358565E+01
  3.5849160E-01  1.1365356E+01
  3.5882467E-01  1.1372144E+01
  3.5915775E-01  1.1378931E+01
  3.5949083E-01  1.1385715E+01
  3.5982391E-01  1.1392497E+01
  3.6015699E-01  1.1399277E+01
  3.6049006E-01  1.1406055E+01
  3.6082314E-01  1.1412830E+01
  3.6115622E-01  1.1419603E+01
  3.6148930E-01  1.1426374E+01
  3.6182237E-01  1.1433143E+01
  3.6215545E-01  1.1439910E+01
  3.6248853E-01  1.1446674E+01
  3.6282161E-01  1.1453437E+01
  3.6315468E-01  1.1460197E+01
  3.6348776E-01  1.1466955E+01
  3.6382084E-01  1.1473711E+01
  3.6415392E-01  1.1480464E+01
  3.6448700E-01  1.1487216E+01
  3.6482007E-01  1.1493965E+01
  3.6515315E-01  1.1500712E+01
  3.6548623E-01  1.1507457E+01
  3.6581931E-01  1.1514200E+01
  3.6615238E-01  1.1520941E+01
  3.6648546E-01  1.1527679E+01
  3.6681854E-01  1.1534416E+01
  3.6715162E-01  1.1541150E+01
  3.6748469E-01  1.1547882E+01
  3.6781777E-01  1.1554612E+01
  3.6815085E-01  1.1561340E+01
  3.6848393E-01  1.1568066E+01
  3.6881701E-01  1.1574789E+01
  3.6915008E-01  1.1581511E+01
  3.6948316E-01  1.1588230E+01
  3.6981624E-01  1.1594948E+01
  3.7014932E-01  1.1601663E+01
  3.7048239E-01  1.1608376E+01
  3.7081547E-01  1.1615087E+01
  3.7114855E-01  1.1621796E+01
  3.7148163E-01  1.1628503E+01
  3.7181470E-01  1.1635208E+01
  3.7214778E-01  1.1641910E+01
  3.7248086E-01  1.1648611E+01
  3.7281394E-01  1.1655309E+01
  3.7314702E-01  1.1662006E+01
  3.7348009E-01  1.1668700E+01
  3.7381317E-01  1.1675393E+01
  3.7414625E-01  1.1682083E+01
  3.7447933E-01  1.1688771E+01
  3.7481240E-01  1.1695457E+01
  3.7514548E-01  1.1702141E+01
  3.7547856E-01  1.1708823E+01
  3.7581164E-01  1.1715503E+01
  3.7614471E-01  1.1722181E+01
  3.7647779E-01  1.1728857E+01
  3.7681087E-01  1.1735531E+01
  3.7714395E-01  1.1742203E+01
  3.7747703E-01  1.1748873E+01
  3.7781010E-01  1.1755541E+01
  3.7814318E-01  1.1762207E+01
  3.7847626E-01  1.1768871E+01
  3.7880934E-01  1.1775532E+01
  3.7914241E-01  1.1782192E+01
  3.7947549E-01  1.1788850E+01
  3.7980857E-01  1.1795506E+01
  3.8014165E-01  1.1802160E+01
  3.8047472E-01  1.1808811E+01
  3.8080780E-01  1.1815461E+01
  3.8114088E-01  1.1822109E+01
  3.8147396E-01  1.1828755E+01
  3.8180704E-01  1.1835399E+01
  3.8214011E-01  1.1842041E+01
  3.8247319E-01  1.1848681E+01
  3.8280627E-01  1.1855319E+01
  3.8313935E-01  1.1861955E+01
  3.8347242E-01  1.1868589E+01
  3.8380550E-01  1.1875221E+01
  3.8413858E-01  1.1881851E+01
  3.8447166E-01  1.1888479E+01
  3.8480473E-01  1.1895106E+01
  3.8513781E-01  1.1901730E+01
  3.8547089E-01  1.1908352E+01
  3.8580397E-01  1.1914973E+01
  3.8613705E-01  1.1921591E+01
  3.8647012E-01  1.1928208E+01
  3.8680320E-01  1.1934823E+01
  3.8713628E-01  1.1941435E+01
  3.8746936E-01  1.1948046E+01
  3.8780243E-01  1.1954655E+01
  3.8813551E-01  1.1961262E+01
  3.8846859E-01  1.1967867E+01
  3.8880167E-01  1.1974470E+01
  3.8913474E-01  1.1981072E+01
  3.8946782E-01  1.1987671E+01
  3.8980090E-01  1.1994269E+01
  3.9013398E-01  1.2000864E+01
  3.9046706E-01  1.2007458E+01
  3.9080013E-01  1.2014050E+01
  3.9113321E-01  1.2020640E+01
  3.9146629E-01  1.2027228E+01
  3.9179937E-01  1.2033814E+01
  3.9213244E-01  1.2040398E+01
  3.9246552E-01  1.2046981E+01
  3.9279860E-01  1.2053562E+01
  3.9313168E-01  1.2060140E+01
  3.9346475E-01  1.2066717E+01
  3.9379783E-01  1.2073292E+01
  3.9413091E-01  1.2079866E+01
  3.9446399E-01  1.2086437E+01
  3.9479707E-01  1.2093007E+01
  3.9513014E-01  1.2099574E+01
  3.9546322E-01  1.2106140E+01
  3.9579630E-01  1.2112704E+01
  3.9612938E-01  1.2119267E+01
  3.9646245E-01  1.2125827E+01
  3.9679553E-01  1.2132386E+01
  3.9712861E-01  1.2138942E+01
  3.9746169E-01  1.2145497E+01
  3.9779476E-01  1.2152050E+01
  3.9812784E-01  1.2158602E+01
  3.9846092E-01  1.2165151E+01
  3.9879400E-01  1.2171699E+01
  3.9912708E-01  1.2178245E+01
  3.9946015E-01  1.2184789E+01
  3.9979323E-01  1.2191332E+01
  4.0012631E-01  1.2197872E+01
  4.0045939E-01  1.2204411E+01
  4.0079246E-01  1.2210948E+01
  4.0112554E-01  1.2217484E+01
  4.0145862E-01  1.2224017E+01
  4.0179170E-01  1.2230549E+01
  4.0212477E-01  1.2237079E+01
  4.0245785E-01  1.2243607E+01
  4.0279093E-01  1.2250134E+01
  4.0312401E-01  1.2256658E+01
  4.0345709E-01  1.2263181E+01
  4.0379016E-01  1.2269703E+01
  4.0412324E-01  1.2276222E+01
  4.0445632E-01  1.2282740E+01
  4.0478940E-01  1.2289256E+01
  4.0512247E-01  1.2295770E+01
  4.0545555E-01  1.2302283E+01
  4.0578863E-01  1.2308794E+01
  4.0612171E-01  1.2315303E+01
  4.0645478E-01  1.2321810E+01
  4.0678786E-01  1.2328316E+01
  4.0712094E-01  1.2334820E+01
  4.0745402E-01  1.2341322E+01
  4.0778710E-01  1.2347823E+01
  4.0812017E-01  1.2354322E+01
  4.0845325E-01  1.2360819E+01
  4.0878633E-01  1.2367315E+01
  4.0911941E-01  1.2373809E+01
  4.0945248E-01  1.2380301E+01
  4.0978556E-01  1.2386791E+01
  4.1011864E-01  1.2393280E+01
  4.1045172E-01  1.2399767E+01
  4.1078479E-01  1.2406253E+01
  4.1111787E-01  1.2412736E+01
  4.1145095E-01  1.2419218E+01
  4.1178403E-01  1.2425699E+01
  4.1211711E-01  1.2432178E+01
  4.1245018E-01  1.2438655E+01
  4.1278326E-01  1.2445130E+01
  4.1311634E-01  1.2451604E+01
  4.1344942E-01  1.2458077E+01
  4.1378249E-01  1.2464547E+01
  4.1411557E-01  1.2471016E+01
  4.1444865E-01  1.2477483E+01
  4.1478173E-01  1.2483949E+01
  4.1511480E-01  1.2490413E+01
  4.1544788E-01  1.2496876E+01
  4.1578096E-01  1.2503336E+01
  4.1611404E-01  1.2509796E+01
  4.1644712E-01  1.2516253E+01
  4.1678019E-01  1.2522709E+01
  4.1711327E-01  1.2529164E+01
  4.1744635E-01  1.2535617E+01
  4.1777943E-01  1.2542068E+01
  4.1811250E-01  1.2548517E+01
  4.1844558E-01  1.2554965E+01
  4.1877866E-01  1.2561412E+01
  4.1911174E-01  1.2567857E+01
  4.1944481E-01  1.2574300E+01
  4.1977789E-01  1.2580742E+01
  4.2011097E-01  1.2587182E+01
  4.2044405E-01  1.2593620E+01
  4.2077713E-01  1.2600057E+01
  4.2111020E-01  1.2606493E+01
  4.2144328E-01  1.2612927E+01
  4.2177636E-01  1.2619359E+01
  4.2210944E-01  1.2625790E+01
  4.2244251E-01  1.2632219E+01
  4.2277559E-01  1.2638647E+01
  4.2310867E-01  1.2645073E+01
  4.2344175E-01  1.2651497E+01
  4.2377482E-01  1.2657920E+01
  4.2410790E-01  1.2664342E+01
  4.2444098E-01  1.2670762E+01
  4.2477406E-01  1.2677181E+01
  4.2510714E-01  1.2683598E+01
  4.2544021E-01  1.2690013E+01
  4.2577329E-01  1.2696427E+01
  4.2610637E-01  1.2702839E+01
  4.2643945E-01  1.2709250E+01
  4.2677252E-01  1.2715660E+01
  4.2710560E-01  1.2722068E+01
  4.2743868E-01  1.2728474E+01
  4.2777176E-01  1.2734879E+01
  4.2810483E-01  1.2741283E+01
  4.2843791E-01  1.2747685E+01
  4.2877099E-01  1.2754085E+01
  4.2910407E-01  1.2760484E+01
  4.2943715E-01  1.2766882E+01
  4.2977022E-01  1.2773278E+01
  4.3010330E-01  1.2779672E+01
  4.3043638E-01  1.2786065E+01
  4.3076946E-01  1.2792457E+01
  4.3110253E-01  1.2798847E+01
  4.3143561E-01  1.2805236E+01
  4.3176869E-01  1.2811623E+01
  4.3210177E-01  1.2818009E+01
  4.3243484E-01  1.2824394E+01
  4.3276792E-01  1.2830777E+01
  4.3310100E-01  1.2837158E+01
  4.3343408E-01  1.2843538E+01
  4.3376716E-01  1.2849917E+01
  4.3410023E-01  1.2856294E+01
  4.3443331E-01  1.2862670E+01
  4.3476639E-01  1.2869045E+01
  4.3509947E-01  1.2875418E+01
  4.3543254E-01  1.2881789E+01
  4.3576562E-01  1.2888160E+01
  4.3609870E-01  1.2894528E+01
  4.3643178E-01  1.2900896E+01
  4.3676485E-01  1.2907262E+01
  4.3709793E-01  1.2913626E+01
  4.3743101E-01  1.2919990E+01
  4.3776409E-01  1.2926351E+01
  4.3809717E-01  1.2932712E+01
  4.3843024E-01  1.2939071E+01
  4.3876332E-01  1.2945429E+01
  4.3909640E-01  1.2951785E+01
  4.3942948E-01  1.2958140E+01
  4.3976255E-01  1.2964493E+01
  4.4009563E-01  1.2970846E+01
  4.4042871E-01  1.2977196E+01
  4.4076179E-01  1.2983546E+01
  4.4109486E-01  1.2989894E+01
  4.4142794E-01  1.2996241E+01
  4.4176102E-01  1.3002586E+01
  4.4209410E-01  1.3008930E+01
  4.4242718E-01  1.3015273E+01
  4.4276025E-01  1.3021615E+01
  4.4309333E-01  1.3027955E+01
  4.4342641E-01  1.3034294E+01
  4.4375949E-01  1.3040631E+01
  4.4409256E-01  1.3046967E+01
  4.4442564E-01  1.3053302E+01
  4.4475872E-01  1.3059635E+01
  4.4509180E-01  1.3065968E+01
  4.4542487E-01  1.3072299E+01
  4.4575795E-01  1.3078628E+01
  4.4609103E-01  1.3084956E+01
  4.4642411E-01  1.3091283E+01
  4.4675719E-01  1.3097609E+01
  4.4709026E-01  1.3103933E+01
  4.4742334E-01  1.3110257E+01
  4.4775642E-01  1.3116578E+01
  4.4808950E-01  1.3122899E+01
  4.4842257E-01  1.3129218E+01
  4.4875565E-01  1.3135536E+01
  4.4908873E-01  1.3141853E+01
  4.4942181E-01  1.3148168E+01
  4.4975488E-01  1.3154483E+01
  4.5008796E-01  1.3160796E+01
  4.5042104E-01  1.3167107E+01
  4.5075412E-01  1.3173418E+01
  4.5108720E-01  1.3179727E+01
  4.5142027E-01  1.3186035E+01
  4.5175335E-01  1.3192342E+01
  4.5208643E-01  1.3198647E+01
  4.5241951E-01  1.3204951E+01
  4.5275258E-01  1.3211254E+01
  4.5308566E-01  1.3217556E+01
  4.5341874E-01  1.3223857E+01
  4.5375182E-01  1.3230156E+01
  4.5408489E-01  1.3236454E+01
  4.5441797E-01  1.3242751E+01
  4.5475105E-01  1.3249047E+01
  4.5508413E-01  1.3255341E+01
  4.5541721E-01  1.3261634E+01
  4.5575028E-01  1.3267927E+01
  4.5608336E-01  1.3274217E+01
  4.5641644E-01  1.3280507E+01
  4.5674952E-01  1.3286796E+01
  4.5708259E-01  1.3293083E+01
  4.5741567E-01  1.3299369E+01
  4.5774875E-01  1.3305654E+01
  4.5808183E-01  1.3311938E+01
  4.5841490E-01  1.3318220E+01
  4.5874798E-01  1.3324502E+01
  4.5908106E-01  1.3330782E+01
  4.5941414E-01  1.3337061E+01
  4.5974722E-01  1.3343339E+01
  4.6008029E-01  1.3349616E+01
  4.6041337E-01  1.3355892E+01
  4.6074645E-01  1.3362166E+01
  4.6107953E-01  1.3368440E+01
  4.6141260E-01  1.3374712E+01
  4.6174568E-01  1.3380983E+01
  4.6207876E-01  1.3387253E+01
  4.6241184E-01  1.3393522E+01
  4.6274491E-01  1.3399789E+01
  4.6307799E-01  1.3406056E+01
  4.6341107E-01  1.3412321E+01
  4.6374415E-01  1.3418586E+01
  4.6407723E-01  1.3424849E+01
  4.6441030E-01  1.3431111E+01
  4.6474338E-01  1.3437372E+01
  4.6507646E-01  1.3443632E+01
  4.6540954E-01  1.3449891E+01
  4.6574261E-01  1.3456148E+01
  4.6607569E-01  1.3462405E+01
  4.6640877E-01  1.3468660E+01
  4.6674185E-01  1.3474915E+01
  4.6707492E-01  1.3481168E+01
  4.6740800E-01  1.3487421E+01
  4.6774108E-01  1.3493672E+01
  4.6807416E-01  1.3499922E+01
  4.6840724E-01  1.3506171E+01
  4.6874031E-01  1.3512419E+01
  4.6907339E-01  1.3518666E+01
  4.6940647E-01  1.3524912E+01
  4.6973955E-01  1.3531157E+01
  4.7007262E-01  1.3537400E+01
  4.7040570E-01  1.3543643E+01
  4.7073878E-01  1.3549885E+01
  4.7107186E-01  1.3556125E+01
  4.7140493E-01  1.3562365E+01
  4.7173801E-01  1.3568604E+01
  4.7207109E-01  1.3574841E+01
  4.7240417E-01  1.3581078E+01
  4.7273725E-01  1.3587313E+01
  4.7307032E-01  1.3593548E+01
  4.7340340E-01  1.3599781E+01
  4.7373648E-01  1.3606013E+01
  4.7406956E-01  1.3612245E+01
  4.7440263E-01  1.3618475E+01
  4.7473571E-01  1.3624705E+01
  4.7506879E-01  1.3630933E+01
  4.7540187E-01  1.3637161E+01
  4.7573494E-01  1.3643387E+01
  4.7606802E-01  1.3649613E+01
  4.7640110E-01  1.3655837E+01
  4.7673418E-01  1.3662060E+01
  4.7706726E-01  1.3668283E+01
  4.7740033E-01  1.3674505E+01
  4.7773341E-01  1.3680725E+01
  4.7806649E-01  1.3686945E+01
  4.7839957E-01  1.3693163E+01
  4.7873264E-01  1.3699381E+01
  4.7906572E-01  1.3705598E+01
  4.7939880E-01  1.3711813E+01
  4.7973188E-01  1.3718028E+01
  4.8006495E-01  1.3724242E+01
  4.8039803E-01  1.3730455E+01
  4.8073111E-01  1.3736667E+01
  4.8106419E-01  1.3742878E+01
  4.8139727E-01  1.3749088E+01
  4.8173034E-01  1.3755297E+01
  4.8206342E-01  1.3761506E+01
  4.8239650E-01  1.3767713E+01
  4.8272958E-01  1.3773919E+01
  4.8306265E-01  1.3780125E+01
  4.8339573E-01  1.3786329E+01
  4.8372881E-01  1.3792533E+01
  4.8406189E-01  1.3798736E+01
  4.8439496E-01  1.3804938E+01
  4.8472804E-01  1.3811139E+01
  4.8506112E-01  1.3817339E+01
  4.8539420E-01  1.3823538E+01
  4.8572728E-01  1.3829736E+01
  4.8606035E-01  1.3835934E+01
  4.8639343E-01  1.3842130E+01
  4.8672651E-01  1.3848326E+01
  4.8705959E-01  1.3854521E+01
  4.8739266E-01  1.3860715E+01
  4.8772574E-01  1.3866908E+01
  4.8805882E-01  1.3873100E+01
  4.8839190E-01  1.3879291E+01
  4.8872497E-01  1.3885482E+01
  4.8905805E-01  1.3891671E+01
  4.8939113E-01  1.3897860E+01
  4.8972421E-01  1.3904048E+01
  4.9005729E-01  1.3910235E+01
  4.9039036E-01  1.3916421E+01
  4.9072344E-01  1.3922607E+01
  4.9105652E-01  1.3928791E+01
  4.9138960E-01  1.3934975E+01
  4.9172267E-01  1.3941158E+01
  4.9205575E-01  1.3947340E+01
  4.9238883E-01  1.3953521E+01
  4.9272191E-01  1.3959702E+01
  4.9305498E-01  1.3965881E+01
  4.9338806E-01  1.3972060E+01
  4.9372114E-01  1.3978238E+01
  4.9405422E-01  1.3984415E+01
  4.9438730E-01  1.3990592E+01
  4.9472037E-01  1.3996768E+01
  4.9505345E-01  1.4002942E+01
  4.9538653E-01  1.4009117E+01
  4.9571961E-01  1.4015290E+01
  4.9605268E-01  1.4021462E+01
  4.9638576E-01  1.4027634E+01
  4.9671884E-01  1.4033805E+01
  4.9705192E-01  1.4039975E+01
  4.9738499E-01  1.4046145E+01
  4.9771807E-01  1.4052313E+01
  4.9805115E-01  1.4058481E+01
  4.9838423E-01  1.4064648E+01
  4.9871731E-01  1.4070815E+01
  4.9905038E-01  1.4076980E+01
  4.9938346E-01  1.4083145E+01
  4.9971654E-01  1.4089309E+01
  5.0004962E-01  1.4095473E+01
  5.0038269E-01  1.4101636E+01
  5.0071577E-01  1.4107797E+01
  5.0104885E-01  1.4113959E+01
  5.0138193E-01  1.4120119E+01
  5.0171501E-01  1.4126279E+01
  5.0204808E-01  1.4132438E+01
  5.0238116E-01  1.4138596E+01
  5.0271424E-01  1.4144754E+01
  5.0304732E-01  1.4150911E+01
  5.0338039E-01  1.4157067E+01
  5.0371347E-01  1.4163223E+01
  5.0404655E-01  1.4169378E+01
  5.0437963E-01  1.4175532E+01
  5.0471270E-01  1.4181685E+01
  5.0504578E-01  1.4187838E+01
  5.0537886E-01  1.4193990E+01
  5.0571194E-01  1.4200141E+01
  5.0604502E-01  1.4206292E+01
  5.0637809E-01  1.4212442E+01
  5.0671117E-01  1.4218592E+01
  5.0704425E-01  1.4224740E+01
  5.0737733E-01  1.4230888E+01
  5.0771040E-01  1.4237036E+01
  5.0804348E-01  1.4243183E+01
  5.0837656E-01  1.4249329E+01
  5.0870964E-01  1.4255474E+01
  5.0904271E-01  1.4261619E+01
  5.0937579E-01  1.4267763E+01
  5.0970887E-01  1.4273907E+01
  5.1004195E-01  1.4280050E+01
  5.1037503E-01  1.4286192E+01
  5.1070810E-01  1.4292334E+01
  5.1104118E-01  1.4298475E+01
  5.1137426E-01  1.4304615E+01
  5.1170734E-01  1.4310755E+01
  5.1204041E-01  1.4316894E+01
  5.1237349E-01  1.4323033E+01
  5.1270657E-01  1.4329171E+01
  5.1303965E-01  1.4335308E+01
  5.1337272E-01  1.4341445E+01
  5.1370580E-01  1.4347581E+01
  5.1403888E-01  1.4353716E+01
  5.1437196E-01  1.4359851E+01
  5.1470504E-01  1.4365986E+01
  5.1503811E-01  1.4372120E+01
  5.1537119E-01  1.4378253E+01
  5.1570427E-01  1.4384386E+01
  5.1603735E-01  1.4390518E+01
  5.1637042E-01  1.4396649E+01
  5.1670350E-01  1.4402780E+01
  5.1703658E-01  1.4408911E+01
  5.1736966E-01  1.4415041E+01
  5.1770273E-01  1.4421170E+01
  5.1803581E-01  1.4427299E+01
  5.1836889E-01  1.4433427E+01
  5.1870197E-01  1.4439555E+01
  5.1903505E-01  1.4445682E+01
  5.1936812E-01  1.4451808E+01
  5.1970120E-01  1.4457934E+01
  5.2003428E-01  1.4464060E+01
  5.2036736E-01  1.4470185E+01
  5.2070043E-01  1.4476310E+01
  5.2103351E-01  1.4482434E+01
  5.2136659E-01  1.4488557E+01
  5.2169967E-01  1.4494680E+01
  5.2203274E-01  1.4500802E+01
  5.2236582E-01  1.4506924E+01
  5.2269890E-01  1.4513046E+01
  5.2303198E-01  1.4519167E+01
  5.2336506E-01  1.4525287E+01
  5.2369813E-01  1.4531407E+01
  5.2403121E-01  1.4537527E+01
  5.2436429E-01  1.4543646E+01
  5.2469737E-01  1.4549764E+01
  5.2503044E-01  1.4555882E+01
  5.2536352E-01  1.4562000E+01
  5.2569660E-01  1.4568117E+01
  5.2602968E-01  1.4574234E+01
  5.2636275E-01  1.4580350E+01
  5.2669583E-01  1.4586466E+01
  5.2702891E-01  1.4592581E+01
  5.2736199E-01  1.4598696E+01
  5.2769507E-01  1.4604810E+01
  5.2802814E-01  1.4610924E+01
  5.2836122E-01  1.4617038E+01
  5.2869430E-01  1.4623151E+01
  5.2902738E-01  1.4629263E+01
  5.2936045E-01  1.4635376E+01
  5.2969353E-01  1.4641487E+01
  5.3002661E-01  1.4647599E+01
  5.3035969E-01  1.4653710E+01
  5.3069276E-01  1.4659820E+01
  5.3102584E-01  1.4665930E+01
  5.3135892E-01  1.4672040E+01
  5.3169200E-01  1.4678149E+01
  5.3202508E-01  1.4684258E+01
  5.3235815E-01  1.4690367E+01
  5.3269123E-01  1.4696475E+01
  5.3302431E-01  1.4702583E+01
  5.3335739E-01  1.4708690E+01
  5.3369046E-01  1.4714797E+01
  5.3402354E-01  1.4720904E+01
  5.3435662E-01  1.4727010E+01
  5.3468970E-01  1.4733116E+01
  5.3502277E-01  1.4739221E+01
  5.3535585E-01  1.4745326E+01
  5.3568893E-01  1.4751431E+01
  5.3602201E-01  1.4757535E+01
  5.3635509E-01  1.4763639E+01
  5.3668816E-01  1.4769743E+01
  5.3702124E-01  1.4775846E+01
  5.3735432E-01  1.4781949E+01
  5.3768740E-01  1.4788052E+01
  5.3802047E-01  1.4794154E+01
  5.3835355E-01  1.4800256E+01
  5.3868663E-01  1.4806358E+01
  5.3901971E-01  1.4812459E+01
  5.3935278E-01  1.4818560E+01
  5.3968586E-01  1.4824661E+01
  5.4001894E-01  1.4830761E+01
  5.4035202E-01  1.4836862E+01
  5.4068510E-01  1.4842961E+01
  5.4101817E-01  1.4849061E+01
  5.4135125E-01  1.4855160E+01
  5.4168433E-01  1.4861259E+01
  5.4201741E-01  1.4867357E+01
  5.4235048E-01  1.4873456E+01
  5.4268356E-01  1.4879554E+01
  5.4301664E-01  1.4885651E+01
  5.4334972E-01  1.4891749E+01
  5.4368279E-01  1.4897846E+01
  5.4401587E-01  1.4903943E+01
  5.4434895E-01  1.4910039E+01
  5.4468203E-01  1.4916136E+01
  5.4501511E-01  1.4922232E+01
  5.4534818E-01  1.4928328E+01
  5.4568126E-01  1.4934423E+01
  5.4601434E-01  1.4940519E+01
  5.4634742E-01  1.4946614E+01
  5.4668049E-01  1.4952709E+01
  5.4701357E-01  1.4958803E+01
  5.4734665E-01  1.4964898E+01
  5.4767973E-01  1.4970992E+01
  5.4801280E-01  1.4977086E+01
  5.4834588E-01  1.4983179E+01
  5.4867896E-01  1.4989273E+01
  5.4901204E-01  1.4995366E+01
  5.4934512E-01  1.5001459E+01
  5.4967819E-01  1.5007552E+01
  5.5001127E-01  1.5013644E+01
  5.5034435E-01  1.5019737E+01
  5.5067743E-01  1.5025829E+01
  5.5101050E-01  1.5031921E+01
  5.5134358E-01  1.5038013E+01
  5.5167666E-01  1.5044105E+01
  5.5200974E-01  1.5050196E+01
  5.5234281E-01  1.5056287E+01
  5.5267589E-01  1.5062378E+01
  5.5300897E-01  1.5068469E+01
  5.5334205E-01  1.5074560E+01
  5.5367513E-01  1.5080651E+01
  5.5400820E-01  1.5086741E+01
  5.5434128E-01  1.5092831E+01
  5.5467436E-01  1.5098921E+01
  5.5500744E-01  1.5105011E+01
  5.5534051E-01  1.5111101E+01
  5.5567359E-01  1.5117191E+01
  5.5600667E-01  1.5123280E+01
  5.5633975E-01  1.5129370E+01
  5.5667282E-01  1.5135459E+01
  5.5700590E-01  1.5141548E+01
  5.5733898E-01  1.5147637E+01
  5.5767206E-01  1.5153726E+01
  5.5800514E-01  1.5159815E+01
  5.5833821E-01  1.5165903E+01
  5.5867129E-01  1.5171992E+01
  5.5900437E-01  1.5178080E+01
  5.5933745E-01  1.5184168E+01
  5.5967052E-01  1.5190257E+01
  5.6000360E-01  1.5196345E+01
  5.6033668E-01  1.5202433E+01
  5.6066976E-01  1.5208521E+01
  5.6100283E-01  1.5214608E+01
  5.6133591E-01  1.5220696E+01
  5.6166899E-01  1.5226784E+01
  5.6200207E-01  1.5232871E+01
  5.6233515E-01  1.5238959E+01
  5.6266822E-01  1.5245046E+01
  5.6300130E-01  1.5251134E+01
  5.6333438E-01  1.5257221E+01
  5.6366746E-01  1.5263308E+01
  5.6400053E-01  1.5269396E+01
  5.6433361E-01  1.5275483E+01
  5.6466669E-01  1.5281570E+01
  5.6499977E-01  1.5287657E+01
  5.6533284E-01  1.5293744E+01
  5.6566592E-01  1.5299831E+01
  5.6599900E-01  1.5305918E+01
  5.6633208E-01  1.5312005E+01
  5.6666516E-01  1.5318092E+01
  5.6699823E-01  1.5324179E+01
  5.6733131E-01  1.5330266E+01
  5.6766439E-01  1.5336352E+01
  5.6799747E-01  1.5342439E+01
  5.6833054E-01  1.5348526E+01
  5.6866362E-01  1.5354613E+01
  5.6899670E-01  1.5360700E+01
  5.6932978E-01  1.5366787E+01
  5.6966285E-01  1.5372874E+01
  5.6999593E-01  1.5378960E+01
  5.7032901E-01  1.5385047E+01
  5.7066209E-01  1.5391134E+01
  5.7099517E-01  1.5397221E+01
  5.7132824E-01  1.5403308E+01
  5.7166132E-01  1.5409395E+01
  5.7199440E-01  1.5415482E+01
  5.7232748E-01  1.5421569E+01
  5.7266055E-01  1.5427656E+01
  5.7299363E-01  1.5433743E+01
  5.7332671E-01  1.5439831E+01
  5.7365979E-01  1.5445918E+01
  5.7399286E-01  1.5452005E+01
  5.7432594E-01  1.5458092E+01
  5.7465902E-01  1.5464180E+01
  5.7499210E-01  1.5470267E+01
  5.7532518E-01  1.5476355E+01
  5.7565825E-01  1.5482443E+01
  5.7599133E-01  1.5488530E+01
  5.7632441E-01  1.5494618E+01
  5.7665749E-01  1.5500706E+01
  5.7699056E-01  1.5506794E+01
  5.7732364E-01  1.5512882E+01
  5.7765672E-01  1.5518970E+01
  5.7798980E-01  1.5525059E+01
  5.7832287E-01  1.5531147E+01
  5.7865595E-01  1.5537235E+01
  5.7898903E-01  1.5543324E+01
  5.7932211E-01  1.5549413E+01
  5.7965519E-01  1.5555502E+01
  5.7998826E-01  1.5561591E+01
  5.8032134E-01  1.5567680E+01
  5.8065442E-01  1.5573769E+01
  5.8098750E-01  1.5579858E+01
  5.8132057E-01  1.5585948E+01
  5.8165365E-01  1.5592037E+01
  5.8198673E-01  1.5598127E+01
  5.8231981E-01  1.5604217E+01
  5.8265288E-01  1.5610307E+01
  5.8298596E-01  1.5616397E+01
  5.8331904E-01  1.5622488E+01
  5.8365212E-01  1.5628578E+01
  5.8398520E-01  1.5634669E+01
  5.8431827E-01  1.5640760E+01
  5.8465135E-01  1.5646851E+01
  5.8498443E-01  1.5652942E+01
  5.8531751E-01  1.5659034E+01
  5.8565058E-01  1.5665125E+01
  5.8598366E-01  1.5671217E+01
  5.8631674E-01  1.5677309E+01
  5.8664982E-01  1.5683401E+01
  5.8698289E-01  1.5689494E+01
  5.8731597E-01  1.5695586E+01
  5.8764905E-01  1.5701679E+01
  5.8798213E-01  1.5707772E+01
  5.8831521E-01  1.5713866E+01
  5.8864828E-01  1.5719959E+01
  5.8898136E-01  1.5726053E+01
  5.8931444E-01  1.5732147E+01
  5.8964752E-01  1.5738241E+01
  5.8998059E-01  1.5744335E+01
  5.9031367E-01  1.5750430E+01
  5.9064675E-01  1.5756525E+01
  5.9097983E-01  1.5762620E+01
  5.9131290E-01  1.5768716E+01
  5.9164598E-01  1.5774811E+01
  5.9197906E-01  1.5780907E+01
  5.9231214E-01  1.5787003E+01
  5.9264522E-01  1.5793100E+01
  5.9297829E-01  1.5799196E+01
  5.9331137E-01  1.5805293E+01
  5.9364445E-01  1.5811391E+01
  5.9397753E-01  1.5817488E+01
  5.9431060E-01  1.5823586E+01
  5.9464368E-01  1.5829684E+01
  5.9497676E-01  1.5835783E+01
  5.9530984E-01  1.5841881E+01
  5.9564291E-01  1.5847980E+01
  5.9597599E-01  1.5854080E+01
  5.9630907E-01  1.5860179E+01
  5.9664215E-01  1.5866279E+01
  5.9697523E-01  1.5872380E+01
  5.9730830E-01  1.5878480E+01
  5.9764138E-01  1.5884581E+01
  5.9797446E-01  1.5890682E+01
  5.9830754E-01  1.5896784E+01
  5.9864061E-01  1.5902886E+01
  5.9897369E-01  1.5908988E+01
  5.9930677E-01  1.5915091E+01
  5.9963985E-01  1.5921194E+01
  5.9997292E-01  1.5927297E+01
  6.0030600E-01  1.5933400E+01
  6.0063908E-01  1.5939504E+01
  6.0097216E-01  1.5945609E+01
  6.0130524E-01  1.5951714E+01
  6.0163831E-01  1.5957819E+01
  6.0197139E-01  1.5963924E+01
  6.0230447E-01  1.5970030E+01
  6.0263755E-01  1.5976136E+01
  6.0297062E-01  1.5982243E+01
  6.0330370E-01  1.5988350E+01
  6.0363678E-01  1.5994457E+01
  6.0396986E-01  1.6000565E+01
  6.0430293E-01  1.6006673E+01
  6.0463601E-01  1.6012782E+01
  6.0496909E-01  1.6018891E+01
  6.0530217E-01  1.6025000E+01
  6.0563525E-01  1.6031110E+01
  6.0596832E-01  1.6037220E+01
  6.0630140E-01  1.6043331E+01
  6.0663448E-01  1.6049442E+01
  6.0696756E-01  1.6055554E+01
  6.0730063E-01  1.6061666E+01
  6.0763371E-01  1.6067778E+01
  6.0796679E-01  1.6073891E+01
  6.0829987E-01  1.6080004E+01
  6.0863294E-01  1.6086118E+01
  6.0896602E-01  1.6092232E+01
  6.0929910E-01  1.6098347E+01
  6.0963218E-01  1.6104462E+01
  6.0996526E-01  1.6110578E+01
  6.1029833E-01  1.6116694E+01
  6.1063141E-01  1.6122811E+01
  6.1096449E-01  1.6128928E+01
  6.1129757E-01  1.6135045E+01
  6.1163064E-01  1.6141163E+01
  6.1196372E-01  1.6147282E+01
  6.1229680E-01  1.6153401E+01
  6.1262988E-01  1.6159520E+01
  6.1296295E-01  1.6165640E+01
  6.1329603E-01  1.6171761E+01
  6.1362911E-01  1.6177882E+01
  6.1396219E-01  1.6184003E+01
  6.1429527E-01  1.6190125E+01
  6.1462834E-01  1.6196248E+01
  6.1496142E-01  1.6202371E+01
  6.1529450E-01  1.6208495E+01
  6.1562758E-01  1.6214619E+01
  6.1596065E-01  1.6220744E+01
  6.1629373E-01  1.6226869E+01
  6.1662681E-01  1.6232995E+01
  6.1695989E-01  1.6239121E+01
  6.1729296E-01  1.6245248E+01
  6.1762604E-01  1.6251375E+01
  6.1795912E-01  1.6257503E+01
  6.1829220E-01  1.6263632E+01
  6.1862528E-01  1.6269761E+01
  6.1895835E-01  1.6275891E+01
  6.1929143E-01  1.6282021E+01
  6.1962451E-01  1.6288152E+01
  6.1995759E-01  1.6294284E+01
  6.2029066E-01  1.6300416E+01
  6.2062374E-01  1.6306548E+01
  6.2095682E-01  1.6312682E+01
  6.2128990E-01  1.6318815E+01
  6.2162297E-01  1.6324950E+01
  6.2195605E-01  1.6331085E+01
  6.2228913E-01  1.6337221E+01
  6.2262221E-01  1.6343357E+01
  6.2295529E-01  1.6349494E+01
  6.2328836E-01  1.6355632E+01
  6.2362144E-01  1.6361770E+01
  6.2395452E-01  1.6367909E+01
  6.2428760E-01  1.6374048E+01
  6.2462067E-01  1.6380188E+01
  6.2495375E-01  1.6386329E+01
  6.2528683E-01  1.6392470E+01
  6.2561991E-01  1.6398612E+01
  6.2595298E-01  1.6404755E+01
  6.2628606E-01  1.6410899E+01
  6.2661914E-01  1.6417043E+01
  6.2695222E-01  1.6423187E+01
  6.2728530E-01  1.6429333E+01
  6.2761837E-01  1.6435479E+01
  6.2795145E-01  1.6441626E+01
  6.2828453E-01  1.6447773E+01
  6.2861761E-01  1.6453921E+01
  6.2895068E-01  1.6460070E+01
  6.2928376E-01  1.6466219E+01
  6.2961684E-01  1.6472370E+01
  6.2994992E-01  1.6478521E+01
  6.3028299E-01  1.6484672E+01
  6.3061607E-01  1.6490825E+01
  6.3094915E-01  1.6496978E+01
  6.3128223E-01  1.6503132E+01
  6.3161531E-01  1.6509286E+01
  6.3194838E-01  1.6515441E+01
  6.3228146E-01  1.6521597E+01
  6.3261454E-01  1.6527754E+01
  6.3294762E-01  1.6533912E+01
  6.3328069E-01  1.6540070E+01
  6.3361377E-01  1.6546229E+01
  6.3394685E-01  1.6552389E+01
  6.3427993E-01  1.6558549E+01
  6.3461300E-01  1.6564710E+01
  6.3494608E-01  1.6570872E+01
  6.3527916E-01  1.6577035E+01
  6.3561224E-01  1.6583199E+01
  6.3594532E-01  1.6589363E+01
  6.3627839E-01  1.6595528E+01
  6.3661147E-01  1.6601694E+01
  6.3694455E-01  1.6607861E+01
  6.3727763E-01  1.6614028E+01
  6.3761070E-01  1.6620197E+01
  6.3794378E-01  1.6626366E+01
  6.3827686E-01  1.6632536E+01
  6.3860994E-01  1.6638707E+01
  6.3894301E-01  1.6644878E+01
  6.3927609E-01  1.6651051E+01
  6.3960917E-01  1.6657224E+01
  6.3994225E-01  1.6663398E+01
  6.4027533E-01  1.6669573E+01
  6.4060840E-01  1.6675748E+01
  6.4094148E-01  1.6681925E+01
  6.4127456E-01  1.6688102E+01
  6.4160764E-01  1.6694281E+01
  6.4194071E-01  1.6700460E+01
  6.4227379E-01  1.6706640E+01
  6.4260687E-01  1.6712821E+01
  6.4293995E-01  1.6719002E+01
  6.4327302E-01  1.6725185E+01
  6.4360610E-01  1.6731368E+01
  6.4393918E-01  1.6737553E+01
  6.4427226E-01  1.6743738E+01
  6.4460534E-01  1.6749924E+01
  6.4493841E-01  1.6756111E+01
  6.4527149E-01  1.6762299E+01
  6.4560457E-01  1.6768488E+01
  6.4593765E-01  1.6774678E+01
  6.4627072E-01  1.6780868E+01
  6.4660380E-01  1.6787060E+01
  6.4693688E-01  1.6793252E+01
  6.4726996E-01  1.6799446E+01
  6.4760303E-01  1.6805640E+01
  6.4793611E-01  1.6811835E+01
  6.4826919E-01  1.6818031E+01
  6.4860227E-01  1.6824228E+01
  6.4893535E-01  1.6830426E+01
  6.4926842E-01  1.6836625E+01
  6.4960150E-01  1.6842825E+01
  6.4993458E-01  1.6849026E+01
  6.5026766E-01  1.6855228E+01
  6.5060073E-01  1.6861431E+01
  6.5093381E-01  1.6867635E+01
  6.5126689E-01  1.6873840E+01
  6.5159997E-01  1.6880045E+01
  6.5193304E-01  1.6886252E+01
  6.5226612E-01  1.6892460E+01
  6.5259920E-01  1.6898669E+01
  6.5293228E-01  1.6904878E+01
  6.5326536E-01  1.6911089E+01
  6.5359843E-01  1.6917301E+01
  6.5393151E-01  1.6923513E+01
  6.5426459E-01  1.6929727E+01
  6.5459767E-01  1.6935942E+01
  6.5493074E-01  1.6942158E+01
  6.5526382E-01  1.6948374E+01
  6.5559690E-01  1.6954592E+01
  6.5592998E-01  1.6960811E+01
  6.5626305E-01  1.6967031E+01
  6.5659613E-01  1.6973252E+01
  6.5692921E-01  1.6979474E+01
  6.5726229E-01  1.6985697E+01
  6.5759537E-01  1.6991921E+01
  6.5792844E-01  1.6998146E+01
  6.5826152E-01  1.7004372E+01
  6.5859460E-01  1.7010600E+01
  6.5892768E-01  1.7016828E+01
  6.5926075E-01  1.7023057E+01
  6.5959383E-01  1.7029288E+01
  6.5992691E-01  1.7035519E+01
  6.6025999E-01  1.7041752E+01
  6.6059306E-01  1.7047986E+01
  6.6092614E-01  1.7054221E+01
  6.6125922E-01  1.7060457E+01
  6.6159230E-01  1.7066694E+01
  6.6192538E-01  1.7072932E+01
  6.6225845E-01  1.7079171E+01
  6.6259153E-01  1.7085412E+01
  6.6292461E-01  1.7091653E+01
  6.6325769E-01  1.7097896E+01
  6.6359076E-01  1.7104140E+01
  6.6392384E-01  1.7110385E+01
  6.6425692E-01  1.7116631E+01
  6.6459000E-01  1.7122878E+01
  6.6492307E-01  1.7129126E+01
  6.6525615E-01  1.7135376E+01
  6.6558923E-01  1.7141627E+01
  6.6592231E-01  1.7147879E+01
  6.6625539E-01  1.7154132E+01
  6.6658846E-01  1.7160386E+01
  6.6692154E-01  1.7166641E+01
  6.6725462E-01  1.7172898E+01
  6.6758770E-01  1.7179156E+01
  6.6792077E-01  1.7185415E+01
  6.6825385E-01  1.7191675E+01
  6.6858693E-01  1.7197936E+01
  6.6892001E-01  1.7204199E+01
  6.6925308E-01  1.7210462E+01
  6.6958616E-01  1.7216727E+01
  6.6991924E-01  1.7222994E+01
  6.7025232E-01  1.7229261E+01
  6.7058540E-01  1.7235530E+01
  6.7091847E-01  1.7241799E+01
  6.7125155E-01  1.7248071E+01
  6.7158463E-01  1.7254343E+01
  6.7191771E-01  1.7260616E+01
  6.7225078E-01  1.7266891E+01
  6.7258386E-01  1.7273167E+01
  6.7291694E-01  1.7279445E+01
  6.7325002E-01  1.7285723E+01
  6.7358309E-01  1.7292003E+01
  6.7391617E-01  1.7298284E+01
  6.7424925E-01  1.7304567E+01
  6.7458233E-01  1.7310851E+01
  6.7491541E-01  1.7317135E+01
  6.7524848E-01  1.7323422E+01
  6.7558156E-01  1.7329709E+01
  6.7591464E-01  1.7335998E+01
  6.7624772E-01  1.7342288E+01
  6.7658079E-01  1.7348580E+01
  6.7691387E-01  1.7354873E+01
  6.7724695E-01  1.7361167E+01
  6.7758003E-01  1.7367462E+01
  6.7791310E-01  1.7373759E+01
  6.7824618E-01  1.7380057E+01
  6.7857926E-01  1.7386356E+01
  6.7891234E-01  1.7392657E+01
  6.7924542E-01  1.7398959E+01
  6.7957849E-01  1.7405263E+01
  6.7991157E-01  1.7411568E+01
  6.8024465E-01  1.7417874E+01
  6.8057773E-01  1.7424181E+01
  6.8091080E-01  1.7430490E+01
  6.8124388E-01  1.7436801E+01
  6.8157696E-01  1.7443112E+01
  6.8191004E-01  1.7449425E+01
  6.8224311E-01  1.7455740E+01
  6.8257619E-01  1.7462055E+01
  6.8290927E-01  1.7468373E+01
  6.8324235E-01  1.7474691E+01
  6.8357543E-01  1.7481011E+01
  6.8390850E-01  1.7487333E+01
  6.8424158E-01  1.7493655E+01
  6.8457466E-01  1.7499980E+01
  6.8490774E-01  1.7506305E+01
  6.8524081E-01  1.7512632E+01
  6.8557389E-01  1.7518961E+01
  6.8590697E-01  1.7525291E+01
  6.8624005E-01  1.7531622E+01
  6.8657312E-01  1.7537955E+01
  6.8690620E-01  1.7544289E+01
  6.8723928E-01  1.7550625E+01
  6.8757236E-01  1.7556962E+01
  6.8790544E-01  1.7563301E+01
  6.8823851E-01  1.7569641E+01
  6.8857159E-01  1.7575983E+01
  6.8890467E-01  1.7582326E+01
  6.8923775E-01  1.7588671E+01
  6.8957082E-01  1.7595017E+01
  6.8990390E-01  1.7601364E+01
  6.9023698E-01  1.7607713E+01
  6.9057006E-01  1.7614064E+01
  6.9090313E-01  1.7620416E+01
  6.9123621E-01  1.7626769E+01
  6.9156929E-01  1.7633125E+01
  6.9190237E-01  1.7639481E+01
  6.9223545E-01  1.7645839E+01
  6.9256852E-01  1.7652199E+01
  6.9290160E-01  1.7658560E+01
  6.9323468E-01  1.7664923E+01
  6.9356776E-01  1.7671287E+01
  6.9390083E-01  1.7677653E+01
  6.9423391E-01  1.7684021E+01
  6.9456699E-01  1.7690390E+01
  6.9490007E-01  1.7696760E+01
  6.9523314E-01  1.7703132E+01
  6.9556622E-01  1.7709506E+01
  6.9589930E-01  1.7715881E+01
  6.9623238E-01  1.7722258E+01
  6.9656546E-01  1.7728636E+01
  6.9689853E-01  1.7735016E+01
  6.9723161E-01  1.7741398E+01
  6.9756469E-01  1.7747781E+01
  6.9789777E-01  1.7754166E+01
  6.9823084E-01  1.7760553E+01
  6.9856392E-01  1.7766941E+01
  6.9889700E-01  1.7773330E+01
  6.9923008E-01  1.7779722E+01
  6.9956315E-01  1.7786115E+01
  6.9989623E-01  1.7792509E+01
  7.0022931E-01  1.7798905E+01
  7.0056239E-01  1.7805303E+01
  7.0089547E-01  1.7811703E+01
  7.0122854E-01  1.7818104E+01
  7.0156162E-01  1.7824507E+01
  7.0189470E-01  1.7830911E+01
  7.0222778E-01  1.7837317E+01
  7.0256085E-01  1.7843725E+01
  7.0289393E-01  1.7850135E+01
  7.0322701E-01  1.7856546E+01
  7.0356009E-01  1.7862959E+01
  7.0389316E-01  1.7869374E+01
  7.0422624E-01  1.7875790E+01
  7.0455932E-01  1.7882208E+01
  7.0489240E-01  1.7888628E+01
  7.0522548E-01  1.7895049E+01
  7.0555855E-01  1.7901472E+01
  7.0589163E-01  1.7907897E+01
  7.0622471E-01  1.7914324E+01
  7.0655779E-01  1.7920752E+01
  7.0689086E-01  1.7927182E+01
  7.0722394E-01  1.7933614E+01
  7.0755702E-01  1.7940048E+01
  7.0789010E-01  1.7946483E+01
  7.0822317E-01  1.7952920E+01
  7.0855625E-01  1.7959359E+01
  7.0888933E-01  1.7965799E+01
  7.0922241E-01  1.7972242E+01
  7.0955549E-01  1.7978686E+01
  7.0988856E-01  1.7985132E+01
  7.1022164E-01  1.7991580E+01
  7.1055472E-01  1.7998029E+01
  7.1088780E-01  1.8004481E+01
  7.1122087E-01  1.8010934E+01
  7.1155395E-01  1.8017389E+01
  7.1188703E-01  1.8023846E+01
  7.1222011E-01  1.8030304E+01
  7.1255318E-01  1.8036765E+01
  7.1288626E-01  1.8043227E+01
  7.1321934E-01  1.8049691E+01
  7.1355242E-01  1.8056157E+01
  7.1388550E-01  1.8062625E+01
  7.1421857E-01  1.8069095E+01
  7.1455165E-01  1.8075566E+01
  7.1488473E-01  1.8082039E+01
  7.1521781E-01  1.8088515E+01
  7.1555088E-01  1.8094992E+01
  7.1588396E-01  1.8101471E+01
  7.1621704E-01  1.8107952E+01
  7.1655012E-01  1.8114434E+01
  7.1688319E-01  1.8120919E+01
  7.1721627E-01  1.8127406E+01
  7.1754935E-01  1.8133894E+01
  7.1788243E-01  1.8140384E+01
  7.1821551E-01  1.8146877E+01
  7.1854858E-01  1.8153371E+01
  7.1888166E-01  1.8159867E+01
  7.1921474E-01  1.8166365E+01
  7.1954782E-01  1.8172865E+01
  7.1988089E-01  1.8179367E+01
  7.2021397E-01  1.8185871E+01
  7.2054705E-01  1.8192377E+01
  7.2088013E-01  1.8198884E+01
  7.2121320E-01  1.8205394E+01
  7.2154628E-01  1.8211906E+01
  7.2187936E-01  1.8218420E+01
  7.2221244E-01  1.8224935E+01
  7.2254552E-01  1.8231453E+01
  7.2287859E-01  1.8237972E+01
  7.2321167E-01  1.8244494E+01
  7.2354475E-01  1.8251018E+01
  7.2387783E-01  1.8257543E+01
  7.2421090E-01  1.8264071E+01
  7.2454398E-01  1.8270600E+01
  7.2487706E-01  1.8277132E+01
  7.2521014E-01  1.8283666E+01
  7.2554321E-01  1.8290201E+01
  7.2587629E-01  1.8296739E+01
  7.2620937E-01  1.8303279E+01
  7.2654245E-01  1.8309821E+01
  7.2687553E-01  1.8316365E+01
  7.2720860E-01  1.8322911E+01
  7.2754168E-01  1.8329458E+01
  7.2787476E-01  1.8336009E+01
  7.2820784E-01  1.8342561E+01
  7.2854091E-01  1.8349115E+01
  7.2887399E-01  1.8355671E+01
  7.2920707E-01  1.8362229E+01
  7.2954015E-01  1.8368790E+01
  7.2987322E-01  1.8375352E+01
  7.3020630E-01  1.8381917E+01
  7.3053938E-01  1.8388484E+01
  7.3087246E-01  1.8395053E+01
  7.3120554E-01  1.8401624E+01
  7.3153861E-01  1.8408197E+01
  7.3187169E-01  1.8414772E+01
  7.3220477E-01  1.8421350E+01
  7.3253785E-01  1.8427929E+01
  7.3287092E-01  1.8434511E+01
  7.3320400E-01  1.8441095E+01
  7.3353708E-01  1.8447681E+01
  7.3387016E-01  1.8454269E+01
  7.3420323E-01  1.8460859E+01
  7.3453631E-01  1.8467452E+01
  7.3486939E-01  1.8474046E+01
  7.3520247E-01  1.8480643E+01
  7.3553555E-01  1.8487242E+01
  7.3586862E-01  1.8493843E+01
  7.3620170E-01  1.8500447E+01
  7.3653478E-01  1.8507053E+01
  7.3686786E-01  1.8513661E+01
  7.3720093E-01  1.8520271E+01
  7.3753401E-01  1.8526883E+01
  7.3786709E-01  1.8533497E+01
  7.3820017E-01  1.8540114E+01
  7.3853324E-01  1.8546733E+01
  7.3886632E-01  1.8553355E+01
  7.3919940E-01  1.8559978E+01
  7.3953248E-01  1.8566604E+01
  7.3986556E-01  1.8573232E+01
  7.4019863E-01  1.8579862E+01
  7.4053171E-01  1.8586495E+01
  7.4086479E-01  1.8593130E+01
  7.4119787E-01  1.8599767E+01
  7.4153094E-01  1.8606406E+01
  7.4186402E-01  1.8613048E+01
  7.4219710E-01  1.8619692E+01
  7.4253018E-01  1.8626339E+01
  7.4286325E-01  1.8632987E+01
  7.4319633E-01  1.8639638E+01
  7.4352941E-01  1.8646292E+01
  7.4386249E-01  1.8652947E+01
  7.4419557E-01  1.8659605E+01
  7.4452864E-01  1.8666266E+01
  7.4486172E-01  1.8672928E+01
  7.4519480E-01  1.8679593E+01
  7.4552788E-01  1.8686261E+01
  7.4586095E-01  1.8692931E+01
  7.4619403E-01  1.8699603E+01
  7.4652711E-01  1.8706277E+01
  7.4686019E-01  1.8712954E+01
  7.4719326E-01  1.8719634E+01
  7.4752634E-01  1.8726315E+01
  7.4785942E-01  1.8732999E+01
  7.4819250E-01  1.8739686E+01
  7.4852558E-01  1.8746375E+01
  7.4885865E-01  1.8753066E+01
  7.4919173E-01  1.8759760E+01
  7.4952481E-01  1.8766456E+01
  7.4985789E-01  1.8773155E+01
  7.5019096E-01  1.8779856E+01
  7.5052404E-01  1.8786559E+01
  7.5085712E-01  1.8793265E+01
  7.5119020E-01  1.8799974E+01
  7.5152327E-01  1.8806684E+01
  7.5185635E-01  1.8813398E+01
  7.5218943E-01  1.8820114E+01
  7.5252251E-01  1.8826832E+01
  7.5285559E-01  1.8833553E+01
  7.5318866E-01  1.8840276E+01
  7.5352174E-01  1.8847002E+01
  7.5385482E-01  1.8853730E+01
  7.5418790E-01  1.8860461E+01
  7.5452097E-01  1.8867194E+01
  7.5485405E-01  1.8873930E+01
  7.5518713E-01  1.8880669E+01
  7.5552021E-01  1.8887410E+01
  7.5585328E-01  1.8894153E+01
  7.5618636E-01  1.8900899E+01
  7.5651944E-01  1.8907648E+01
  7.5685252E-01  1.8914399E+01
  7.5718560E-01  1.8921153E+01
  7.5751867E-01  1.8927909E+01
  7.5785175E-01  1.8934668E+01
  7.5818483E-01  1.8941429E+01
  7.5851791E-01  1.8948193E+01
  7.5885098E-01  1.8954960E+01
  7.5918406E-01  1.8961729E+01
  7.5951714E-01  1.8968501E+01
  7.5985022E-01  1.8975275E+01
  7.6018329E-01  1.8982053E+01
  7.6051637E-01  1.8988832E+01
  7.6084945E-01  1.8995615E+01
  7.6118253E-01  1.9002400E+01
  7.6151561E-01  1.9009187E+01
  7.6184868E-01  1.9015978E+01
  7.6218176E-01  1.9022770E+01
  7.6251484E-01  1.9029566E+01
  7.6284792E-01  1.9036364E+01
  7.6318099E-01  1.9043165E+01
  7.6351407E-01  1.9049969E+01
  7.6384715E-01  1.9056775E+01
  7.6418023E-01  1.9063584E+01
  7.6451330E-01  1.9070396E+01
  7.6484638E-01  1.9077210E+01
  7.6517946E-01  1.9084028E+01
  7.6551254E-01  1.9090847E+01
  7.6584562E-01  1.9097670E+01
  7.6617869E-01  1.9104495E+01
  7.6651177E-01  1.9111323E+01
  7.6684485E-01  1.9118154E+01
  7.6717793E-01  1.9124988E+01
  7.6751100E-01  1.9131824E+01
  7.6784408E-01  1.9138663E+01
  7.6817716E-01  1.9145505E+01
  7.6851024E-01  1.9152350E+01
  7.6884331E-01  1.9159197E+01
  7.6917639E-01  1.9166047E+01
  7.6950947E-01  1.9172900E+01
  7.6984255E-01  1.9179756E+01
  7.7017563E-01  1.9186615E+01
  7.7050870E-01  1.9193476E+01
  7.7084178E-01  1.9200340E+01
  7.7117486E-01  1.9207208E+01
  7.7150794E-01  1.9214077E+01
  7.7184101E-01  1.9220950E+01
  7.7217409E-01  1.9227826E+01
  7.7250717E-01  1.9234704E+01
  7.7284025E-01  1.9241586E+01
  7.7317332E-01  1.9248470E+01
  7.7350640E-01  1.9255357E+01
  7.7383948E-01  1.9262247E+01
  7.7417256E-01  1.9269140E+01
  7.7450564E-01  1.9276035E+01
  7.7483871E-01  1.9282934E+01
  7.7517179E-01  1.9289836E+01
  7.7550487E-01  1.9296740E+01
  7.7583795E-01  1.9303647E+01
  7.7617102E-01  1.9310558E+01
  7.7650410E-01  1.9317471E+01
  7.7683718E-01  1.9324387E+01
  7.7717026E-01  1.9331306E+01
  7.7750333E-01  1.9338228E+01
  7.7783641E-01  1.9345153E+01
  7.7816949E-01  1.9352081E+01
  7.7850257E-01  1.9359012E+01
  7.7883565E-01  1.9365946E+01
  7.7916872E-01  1.9372883E+01
  7.7950180E-01  1.9379823E+01
  7.7983488E-01  1.9386766E+01
  7.8016796E-01  1.9393712E+01
  7.8050103E-01  1.9400661E+01
  7.8083411E-01  1.9407613E+01
  7.8116719E-01  1.9414568E+01
  7.8150027E-01  1.9421526E+01
  7.8183334E-01  1.9428487E+01
  7.8216642E-01  1.9435451E+01
  7.8249950E-01  1.9442418E+01
  7.8283258E-01  1.9449388E+01
  7.8316566E-01  1.9456361E+01
  7.8349873E-01  1.9463338E+01
  7.8383181E-01  1.9470317E+01
  7.8416489E-01  1.9477300E+01
  7.8449797E-01  1.9484285E+01
  7.8483104E-01  1.9491274E+01
  7.8516412E-01  1.9498266E+01
  7.8549720E-01  1.9505261E+01
  7.8583028E-01  1.9512259E+01
  7.8616335E-01  1.9519260E+01
  7.8649643E-01  1.9526264E+01
  7.8682951E-01  1.9533272E+01
  7.8716259E-01  1.9540282E+01
  7.8749567E-01  1.9547296E+01
  7.8782874E-01  1.9554313E+01
  7.8816182E-01  1.9561333E+01
  7.8849490E-01  1.9568356E+01
  7.8882798E-01  1.9575383E+01
  7.8916105E-01  1.9582412E+01
  7.8949413E-01  1.9589445E+01
  7.8982721E-01  1.9596481E+01
  7.9016029E-01  1.9603521E+01
  7.9049336E-01  1.9610563E+01
  7.9082644E-01  1.9617609E+01
  7.9115952E-01  1.9624658E+01
  7.9149260E-01  1.9631710E+01
  7.9182568E-01  1.9638765E+01
  7.9215875E-01  1.9645824E+01
  7.9249183E-01  1.9652886E+01
  7.9282491E-01  1.9659951E+01
  7.9315799E-01  1.9667020E+01
  7.9349106E-01  1.9674092E+01
  7.9382414E-01  1.9681167E+01
  7.9415722E-01  1.9688245E+01
  7.9449030E-01  1.9695327E+01
  7.9482337E-01  1.9702412E+01
  7.9515645E-01  1.9709500E+01
  7.9548953E-01  1.9716592E+01
  7.9582261E-01  1.9723687E+01
  7.9615569E-01  1.9730785E+01
  7.9648876E-01  1.9737886E+01
  7.9682184E-01  1.9744991E+01
  7.9715492E-01  1.9752100E+01
  7.9748800E-01  1.9759212E+01
  7.9782107E-01  1.9766327E+01
  7.9815415E-01  1.9773445E+01
  7.9848723E-01  1.9780567E+01
  7.9882031E-01  1.9787692E+01
  7.9915338E-01  1.9794821E+01
  7.9948646E-01  1.9801953E+01
  7.9981954E-01  1.9809089E+01
  8.0015262E-01  1.9816228E+01
  8.0048570E-01  1.9823370E+01
  8.0081877E-01  1.9830516E+01
  8.0115185E-01  1.9837665E+01
  8.0148493E-01  1.9844818E+01
  8.0181801E-01  1.9851974E+01
  8.0215108E-01  1.9859134E+01
  8.0248416E-01  1.9866297E+01
  8.0281724E-01  1.9873464E+01
  8.0315032E-01  1.9880634E+01
  8.0348339E-01  1.9887808E+01
  8.0381647E-01  1.9894985E+01
  8.0414955E-01  1.9902166E+01
  8.0448263E-01  1.9909350E+01
  8.0481571E-01  1.9916538E+01
  8.0514878E-01  1.9923729E+01
  8.0548186E-01  1.9930924E+01
  8.0581494E-01  1.9938122E+01
  8.0614802E-01  1.9945324E+01
  8.0648109E-01  1.9952530E+01
  8.0681417E-01  1.9959739E+01
  8.0714725E-01  1.9966952E+01
  8.0748033E-01  1.9974168E+01
  8.0781340E-01  1.9981388E+01
  8.0814648E-01  1.9988612E+01
  8.0847956E-01  1.9995839E+01
  8.0881264E-01  2.0003070E+01
  8.0914572E-01  2.0010304E+01
  8.0947879E-01  2.0017542E+01
  8.0981187E-01  2.0024784E+01
  8.1014495E-01  2.0032029E+01
  8.1047803E-01  2.0039278E+01
  8.1081110E-01  2.0046531E+01
  8.1114418E-01  2.0053787E+01
  8.1147726E-01  2.0061047E+01
  8.1181034E-01  2.0068311E+01
  8.1214341E-01  2.0075579E+01
  8.1247649E-01  2.0082850E+01
  8.1280957E-01  2.0090125E+01
  8.1314265E-01  2.0097404E+01
  8.1347573E-01  2.0104686E+01
  8.1380880E-01  2.0111972E+01
  8.1414188E-01  2.0119262E+01
  8.1447496E-01  2.0126556E+01
  8.1480804E-01  2.0133853E+01
  8.1514111E-01  2.0141154E+01
  8.1547419E-01  2.0148460E+01
  8.1580727E-01  2.0155768E+01
  8.1614035E-01  2.0163081E+01
  8.1647342E-01  2.0170397E+01
  8.1680650E-01  2.0177718E+01
  8.1713958E-01  2.0185042E+01
  8.1747266E-01  2.0192370E+01
  8.1780574E-01  2.0199701E+01
  8.1813881E-01  2.0207037E+01
  8.1847189E-01  2.0214376E+01
  8.1880497E-01  2.0221720E+01
  8.1913805E-01  2.0229067E+01
  8.1947112E-01  2.0236418E+01
  8.1980420E-01  2.0243773E+01
  8.2013728E-01  2.0251132E+01
  8.2047036E-01  2.0258495E+01
  8.2080343E-01  2.0265861E+01
  8.2113651E-01  2.0273232E+01
  8.2146959E-01  2.0280607E+01
  8.2180267E-01  2.0287985E+01
  8.2213575E-01  2.0295368E+01
  8.2246882E-01  2.0302754E+01
  8.2280190E-01  2.0310145E+01
  8.2313498E-01  2.0317539E+01
  8.2346806E-01  2.0324937E+01
  8.2380113E-01  2.0332340E+01
  8.2413421E-01  2.0339746E+01
  8.2446729E-01  2.0347156E+01
  8.2480037E-01  2.0354571E+01
  8.2513344E-01  2.0361989E+01
  8.2546652E-01  2.0369412E+01
  8.2579960E-01  2.0376838E+01
  8.2613268E-01  2.0384269E+01
  8.2646576E-01  2.0391704E+01
  8.2679883E-01  2.0399142E+01
  8.2713191E-01  2.0406585E+01
  8.2746499E-01  2.0414032E+01
  8.2779807E-01  2.0421483E+01
  8.2813114E-01  2.0428938E+01
  8.2846422E-01  2.0436397E+01
  8.2879730E-01  2.0443861E+01
  8.2913038E-01  2.0451328E+01
  8.2946345E-01  2.0458800E+01
  8.2979653E-01  2.0466275E+01
  8.3012961E-01  2.0473755E+01
  8.3046269E-01  2.0481239E+01
  8.3079577E-01  2.0488728E+01
  8.3112884E-01  2.0496220E+01
  8.3146192E-01  2.0503717E+01
  8.3179500E-01  2.0511218E+01
  8.3212808E-01  2.0518723E+01
  8.3246115E-01  2.0526232E+01
  8.3279423E-01  2.0533745E+01
  8.3312731E-01  2.0541263E+01
  8.3346039E-01  2.0548785E+01
  8.3379346E-01  2.0556312E+01
  8.3412654E-01  2.0563842E+01
  8.3445962E-01  2.0571377E+01
  8.3479270E-01  2.0578916E+01
  8.3512578E-01  2.0586459E+01
  8.3545885E-01  2.0594007E+01
  8.3579193E-01  2.0601559E+01
  8.3612501E-01  2.0609115E+01
  8.3645809E-01  2.0616676E+01
  8.3679116E-01  2.0624241E+01
  8.3712424E-01  2.0631810E+01
  8.3745732E-01  2.0639384E+01
  8.3779040E-01  2.0646962E+01
  8.3812347E-01  2.0654545E+01
  8.3845655E-01  2.0662132E+01
  8.3878963E-01  2.0669723E+01
  8.3912271E-01  2.0677319E+01
  8.3945579E-01  2.0684919E+01
  8.3978886E-01  2.0692523E+01
  8.4012194E-01  2.0700132E+01
  8.4045502E-01  2.0707745E+01
  8.4078810E-01  2.0715363E+01
  8.4112117E-01  2.0722986E+01
  8.4145425E-01  2.0730612E+01
  8.4178733E-01  2.0738244E+01
  8.4212041E-01  2.0745879E+01
  8.4245348E-01  2.0753520E+01
  8.4278656E-01  2.0761164E+01
  8.4311964E-01  2.0768814E+01
  8.4345272E-01  2.0776468E+01
  8.4378580E-01  2.0784126E+01
  8.4411887E-01  2.0791789E+01
  8.4445195E-01  2.0799456E+01
  8.4478503E-01  2.0807128E+01
  8.4511811E-01  2.0814805E+01
  8.4545118E-01  2.0822486E+01
  8.4578426E-01  2.0830172E+01
  8.4611734E-01  2.0837862E+01
  8.4645042E-01  2.0845557E+01
  8.4678349E-01  2.0853257E+01
  8.4711657E-01  2.0860961E+01
  8.4744965E-01  2.0868670E+01
  8.4778273E-01  2.0876384E+01
  8.4811581E-01  2.0884102E+01
  8.4844888E-01  2.0891825E+01
  8.4878196E-01  2.0899553E+01
  8.4911504E-01  2.0907285E+01
  8.4944812E-01  2.0915022E+01
  8.4978119E-01  2.0922764E+01
  8.5011427E-01  2.0930511E+01
  8.5044735E-01  2.0938262E+01
  8.5078043E-01  2.0946018E+01
  8.5111350E-01  2.0953779E+01
  8.5144658E-01  2.0961544E+01
  8.5177966E-01  2.0969314E+01
  8.5211274E-01  2.0977089E+01
  8.5244582E-01  2.0984869E+01
  8.5277889E-01  2.0992654E+01
  8.5311197E-01  2.1000444E+01
  8.5344505E-01  2.1008238E+01
  8.5377813E-01  2.1016037E+01
  8.5411120E-01  2.1023841E+01
  8.5444428E-01  2.1031650E+01
  8.5477736E-01  2.1039464E+01
  8.5511044E-01  2.1047283E+01
  8.5544351E-01  2.1055106E+01
  8.5577659E-01  2.1062935E+01
  8.5610967E-01  2.1070768E+01
  8.5644275E-01  2.1078606E+01
  8.5677583E-01  2.1086450E+01
  8.5710890E-01  2.1094298E+01
  8.5744198E-01  2.1102151E+01
  8.5777506E-01  2.1110009E+01
  8.5810814E-01  2.1117872E+01
  8.5844121E-01  2.1125740E+01
  8.5877429E-01  2.1133613E+01
  8.5910737E-01  2.1141492E+01
  8.5944045E-01  2.1149375E+01
  8.5977352E-01  2.1157263E+01
  8.6010660E-01  2.1165156E+01
  8.6043968E-01  2.1173054E+01
  8.6077276E-01  2.1180958E+01
  8.6110584E-01  2.1188866E+01
  8.6143891E-01  2.1196780E+01
  8.6177199E-01  2.1204698E+01
  8.6210507E-01  2.1212622E+01
  8.6243815E-01  2.1220551E+01
  8.6277122E-01  2.1228485E+01
  8.6310430E-01  2.1236424E+01
  8.6343738E-01  2.1244368E+01
  8.6377046E-01  2.1252318E+01
  8.6410353E-01  2.1260272E+01
  8.6443661E-01  2.1268232E+01
  8.6476969E-01  2.1276197E+01
  8.6510277E-01  2.1284167E+01
  8.6543585E-01  2.1292143E+01
  8.6576892E-01  2.1300123E+01
  8.6610200E-01  2.1308109E+01
  8.6643508E-01  2.1316100E+01
  8.6676816E-01  2.1324097E+01
  8.6710123E-01  2.1332099E+01
  8.6743431E-01  2.1340106E+01
  8.6776739E-01  2.1348118E+01
  8.6810047E-01  2.1356136E+01
  8.6843354E-01  2.1364159E+01
  8.6876662E-01  2.1372187E+01
  8.6909970E-01  2.1380221E+01
  8.6943278E-01  2.1388260E+01
  8.6976586E-01  2.1396304E+01
  8.7009893E-01  2.1404354E+01
  8.7043201E-01  2.1412409E+01
  8.7076509E-01  2.1420469E+01
  8.7109817E-01  2.1428535E+01
  8.7143124E-01  2.1436607E+01
  8.7176432E-01  2.1444684E+01
  8.7209740E-01  2.1452766E+01
  8.7243048E-01  2.1460854E+01
  8.7276355E-01  2.1468947E+01
  8.7309663E-01  2.1477046E+01
  8.7342971E-01  2.1485150E+01
  8.7376279E-01  2.1493260E+01
  8.7409587E-01  2.1501375E+01
  8.7442894E-01  2.1509496E+01
  8.7476202E-01  2.1517623E+01
  8.7509510E-01  2.1525754E+01
  8.7542818E-01  2.1533892E+01
  8.7576125E-01  2.1542035E+01
  8.7609433E-01  2.1550184E+01
  8.7642741E-01  2.1558338E+01
  8.7676049E-01  2.1566498E+01
  8.7709356E-01  2.1574664E+01
  8.7742664E-01  2.1582835E+01
  8.7775972E-01  2.1591012E+01
  8.7809280E-01  2.1599195E+01
  8.7842588E-01  2.1607383E+01
  8.7875895E-01  2.1615577E+01
  8.7909203E-01  2.1623777E+01
  8.7942511E-01  2.1631982E+01
  8.7975819E-01  2.1640193E+01
  8.8009126E-01  2.1648410E+01
  8.8042434E-01  2.1656633E+01
  8.8075742E-01  2.1664862E+01
  8.8109050E-01  2.1673096E+01
  8.8142357E-01  2.1681336E+01
  8.8175665E-01  2.1689582E+01
  8.8208973E-01  2.1697834E+01
  8.8242281E-01  2.1706091E+01
  8.8275589E-01  2.1714355E+01
  8.8308896E-01  2.1722624E+01
  8.8342204E-01  2.1730899E+01
  8.8375512E-01  2.1739180E+01
  8.8408820E-01  2.1747467E+01
  8.8442127E-01  2.1755760E+01
  8.8475435E-01  2.1764059E+01
  8.8508743E-01  2.1772364E+01
  8.8542051E-01  2.1780674E+01
  8.8575358E-01  2.1788991E+01
  8.8608666E-01  2.1797314E+01
  8.8641974E-01  2.1805643E+01
  8.8675282E-01  2.1813977E+01
  8.8708590E-01  2.1822318E+01
  8.8741897E-01  2.1830665E+01
  8.8775205E-01  2.1839018E+01
  8.8808513E-01  2.1847377E+01
  8.8841821E-01  2.1855742E+01
  8.8875128E-01  2.1864113E+01
  8.8908436E-01  2.1872490E+01
  8.8941744E-01  2.1880873E+01
  8.8975052E-01  2.1889263E+01
  8.9008359E-01  2.1897659E+01
  8.9041667E-01  2.1906060E+01
  8.9074975E-01  2.1914468E+01
  8.9108283E-01  2.1922883E+01
  8.9141591E-01  2.1931303E+01
  8.9174898E-01  2.1939730E+01
  8.9208206E-01  2.1948163E+01
  8.9241514E-01  2.1956602E+01
  8.9274822E-01  2.1965047E+01
  8.9308129E-01  2.1973499E+01
  8.9341437E-01  2.1981957E+01
  8.9374745E-01  2.1990421E+01
  8.9408053E-01  2.1998892E+01
  8.9441360E-01  2.2007368E+01
  8.9474668E-01  2.2015852E+01
  8.9507976E-01  2.2024341E+01
  8.9541284E-01  2.2032837E+01
  8.9574592E-01  2.2041340E+01
  8.9607899E-01  2.2049849E+01
  8.9641207E-01  2.2058364E+01
  8.9674515E-01  2.2066886E+01
  8.9707823E-01  2.2075414E+01
  8.9741130E-01  2.2083948E+01
  8.9774438E-01  2.2092489E+01
  8.9807746E-01  2.2101037E+01
  8.9841054E-01  2.2109591E+01
  8.9874361E-01  2.2118152E+01
  8.9907669E-01  2.2126719E+01
  8.9940977E-01  2.2135293E+01
  8.9974285E-01  2.2143873E+01
  9.0007593E-01  2.2152460E+01
  9.0040900E-01  2.2161054E+01
  9.0074208E-01  2.2169654E+01
  9.0107516E-01  2.2178261E+01
  9.0140824E-01  2.2186874E+01
  9.0174131E-01  2.2195494E+01
  9.0207439E-01  2.2204121E+01
  9.0240747E-01  2.2212754E+01
  9.0274055E-01  2.2221395E+01
  9.0307362E-01  2.2230042E+01
  9.0340670E-01  2.2238695E+01
  9.0373978E-01  2.2247356E+01
  9.0407286E-01  2.2256023E+01
  9.0440594E-01  2.2264697E+01
  9.0473901E-01  2.2273378E+01
  9.0507209E-01  2.2282065E+01
  9.0540517E-01  2.2290760E+01
  9.0573825E-01  2.2299461E+01
  9.0607132E-01  2.2308169E+01
  9.0640440E-01  2.2316884E+01
  9.0673748E-01  2.2325607E+01
  9.0707056E-01  2.2334335E+01
  9.0740363E-01  2.2343071E+01
  9.0773671E-01  2.2351814E+01
  9.0806979E-01  2.2360564E+01
  9.0840287E-01  2.2369321E+01
  9.0873595E-01  2.2378085E+01
  9.0906902E-01  2.2386855E+01
  9.0940210E-01  2.2395633E+01
  9.0973518E-01  2.2404418E+01
  9.1006826E-01  2.2413210E+01
  9.1040133E-01  2.2422009E+01
  9.1073441E-01  2.2430815E+01
  9.1106749E-01  2.2439629E+01
  9.1140057E-01  2.2448449E+01
  9.1173364E-01  2.2457277E+01
  9.1206672E-01  2.2466111E+01
  9.1239980E-01  2.2474953E+01
  9.1273288E-01  2.2483802E+01
  9.1306596E-01  2.2492659E+01
  9.1339903E-01  2.2501522E+01
  9.1373211E-01  2.2510393E+01
  9.1406519E-01  2.2519272E+01
  9.1439827E-01  2.2528157E+01
  9.1473134E-01  2.2537050E+01
  9.1506442E-01  2.2545950E+01
  9.1539750E-01  2.2554857E+01
  9.1573058E-01  2.2563772E+01
  9.1606365E-01  2.2572694E+01
  9.1639673E-01  2.2581624E+01
  9.1672981E-01  2.2590561E+01
  9.1706289E-01  2.2599505E+01
  9.1739597E-01  2.2608457E+01
  9.1772904E-01  2.2617417E+01
  9.1806212E-01  2.2626384E+01
  9.1839520E-01  2.2635358E+01
  9.1872828E-01  2.2644340E+01
  9.1906135E-01  2.2653329E+01
  9.1939443E-01  2.2662326E+01
  9.1972751E-01  2.2671331E+01
  9.2006059E-01  2.2680343E+01
  9.2039366E-01  2.2689363E+01
  9.2072674E-01  2.2698391E+01
  9.2105982E-01  2.2707426E+01
  9.2139290E-01  2.2716469E+01
  9.2172598E-01  2.2725519E+01
  9.2205905E-01  2.2734577E+01
  9.2239213E-01  2.2743643E+01
  9.2272521E-01  2.2752717E+01
  9.2305829E-01  2.2761798E+01
  9.2339136E-01  2.2770888E+01
  9.2372444E-01  2.2779985E+01
  9.2405752E-01  2.2789090E+01
  9.2439060E-01  2.2798203E+01
  9.2472367E-01  2.2807323E+01
  9.2505675E-01  2.2816452E+01
  9.2538983E-01  2.2825588E+01
  9.2572291E-01  2.2834733E+01
  9.2605599E-01  2.2843885E+01
  9.2638906E-01  2.2853045E+01
  9.2672214E-01  2.2862214E+01
  9.2705522E-01  2.2871390E+01
  9.2738830E-01  2.2880574E+01
  9.2772137E-01  2.2889767E+01
  9.2805445E-01  2.2898967E+01
  9.2838753E-01  2.2908176E+01
  9.2872061E-01  2.2917392E+01
  9.2905368E-01  2.2926617E+01
  9.2938676E-01  2.2935850E+01
  9.2971984E-01  2.2945091E+01
  9.3005292E-01  2.2954341E+01
  9.3038600E-01  2.2963598E+01
  9.3071907E-01  2.2972864E+01
  9.3105215E-01  2.2982138E+01
  9.3138523E-01  2.2991420E+01
  9.3171831E-01  2.3000711E+01
  9.3205138E-01  2.3010010E+01
  9.3238446E-01  2.3019317E+01
  9.3271754E-01  2.3028633E+01
  9.3305062E-01  2.3037957E+01
  9.3338369E-01  2.3047289E+01
  9.3371677E-01  2.3056630E+01
  9.3404985E-01  2.3065979E+01
  9.3438293E-01  2.3075337E+01
  9.3471601E-01  2.3084703E+01
  9.3504908E-01  2.3094078E+01
  9.3538216E-01  2.3103462E+01
  9.3571524E-01  2.3112854E+01
  9.3604832E-01  2.3122254E+01
  9.3638139E-01  2.3131663E+01
  9.3671447E-01  2.3141081E+01
  9.3704755E-01  2.3150507E+01
  9.3738063E-01  2.3159942E+01
  9.3771370E-01  2.3169386E+01
  9.3804678E-01  2.3178839E+01
  9.3837986E-01  2.3188300E+01
  9.3871294E-01  2.3197770E+01
  9.3904602E-01  2.3207248E+01
  9.3937909E-01  2.3216736E+01
  9.3971217E-01  2.3226232E+01
  9.4004525E-01  2.3235738E+01
  9.4037833E-01  2.3245252E+01
  9.4071140E-01  2.3254775E+01
  9.4104448E-01  2.3264307E+01
  9.4137756E-01  2.3273848E+01
  9.4171064E-01  2.3283398E+01
  9.4204371E-01  2.3292957E+01
  9.4237679E-01  2.3302525E+01
  9.4270987E-01  2.3312102E+01
  9.4304295E-01  2.3321688E+01
  9.4337603E-01  2.3331283E+01
  9.4370910E-01  2.3340887E+01
  9.4404218E-01  2.3350501E+01
  9.4437526E-01  2.3360123E+01
  9.4470834E-01  2.3369755E+01
  9.4504141E-01  2.3379396E+01
  9.4537449E-01  2.3389047E+01
  9.4570757E-01  2.3398706E+01
  9.4604065E-01  2.3408375E+01
  9.4637372E-01  2.3418053E+01
  9.4670680E-01  2.3427741E+01
  9.4703988E-01  2.3437438E+01
  9.4737296E-01  2.3447144E+01
  9.4770604E-01  2.3456860E+01
  9.4803911E-01  2.3466585E+01
  9.4837219E-01  2.3476320E+01
  9.4870527E-01  2.3486064E+01
  9.4903835E-01  2.3495818E+01
  9.4937142E-01  2.3505581E+01
  9.4970450E-01  2.3515354E+01
  9.5003758E-01  2.3525136E+01
  9.5037066E-01  2.3534928E+01
  9.5070373E-01  2.3544730E+01
  9.5103681E-01  2.3554542E+01
  9.5136989E-01  2.3564363E+01
  9.5170297E-01  2.3574194E+01
  9.5203605E-01  2.3584035E+01
  9.5236912E-01  2.3593885E+01
  9.5270220E-01  2.3603745E+01
  9.5303528E-01  2.3613616E+01
  9.5336836E-01  2.3623496E+01
  9.5370143E-01  2.3633386E+01
  9.5403451E-01  2.3643286E+01
  9.5436759E-01  2.3653196E+01
  9.5470067E-01  2.3663115E+01
  9.5503374E-01  2.3673045E+01
  9.5536682E-01  2.3682985E+01
  9.5569990E-01  2.3692935E+01
  9.5603298E-01  2.3702896E+01
  9.5636606E-01  2.3712866E+01
  9.5669913E-01  2.3722846E+01
  9.5703221E-01  2.3732837E+01
  9.5736529E-01  2.3742838E+01
  9.5769837E-01  2.3752849E+01
  9.5803144E-01  2.3762871E+01
  9.5836452E-01  2.3772903E+01
  9.5869760E-01  2.3782945E+01
  9.5903068E-01  2.3792997E+01
  9.5936375E-01  2.3803060E+01
  9.5969683E-01  2.3813134E+01
  9.6002991E-01  2.3823217E+01
  9.6036299E-01  2.3833312E+01
  9.6069607E-01  2.3843417E+01
  9.6102914E-01  2.3853532E+01
  9.6136222E-01  2.3863658E+01
  9.6169530E-01  2.3873795E+01
  9.6202838E-01  2.3883942E+01
  9.6236145E-01  2.3894100E+01
  9.6269453E-01  2.3904269E+01
  9.6302761E-01  2.3914448E+01
  9.6336069E-01  2.3924639E+01
  9.6369376E-01  2.3934840E+01
  9.6402684E-01  2.3945052E+01
  9.6435992E-01  2.3955274E+01
  9.6469300E-01  2.3965508E+01
  9.6502608E-01  2.3975753E+01
  9.6535915E-01  2.3986008E+01
  9.6569223E-01  2.3996275E+01
  9.6602531E-01  2.4006553E+01
  9.6635839E-01  2.4016842E+01
  9.6669146E-01  2.4027142E+01
  9.6702454E-01  2.4037453E+01
  9.6735762E-01  2.4047775E+01
  9.6769070E-01  2.4058108E+01
  9.6802377E-01  2.4068453E+01
  9.6835685E-01  2.4078809E+01
  9.6868993E-01  2.4089176E+01
  9.6902301E-01  2.4099555E+01
  9.6935609E-01  2.4109945E+01
  9.6968916E-01  2.4120347E+01
  9.7002224E-01  2.4130760E+01
  9.7035532E-01  2.4141184E+01
  9.7068840E-01  2.4151620E+01
  9.7102147E-01  2.4162068E+01
  9.7135455E-01  2.4172527E+01
  9.7168763E-01  2.4182998E+01
  9.7202071E-01  2.4193480E+01
  9.7235378E-01  2.4203975E+01
  9.7268686E-01  2.4214481E+01
  9.7301994E-01  2.4224998E+01
  9.7335302E-01  2.4235528E+01
  9.7368610E-01  2.4246069E+01
  9.7401917E-01  2.4256623E+01
  9.7435225E-01  2.4267188E+01
  9.7468533E-01  2.4277766E+01
  9.7501841E-01  2.4288355E+01
  9.7535148E-01  2.4298956E+01
  9.7568456E-01  2.4309570E+01
  9.7601764E-01  2.4320195E+01
  9.7635072E-01  2.4330833E+01
  9.7668379E-01  2.4341483E+01
  9.7701687E-01  2.4352145E+01
  9.7734995E-01  2.4362820E+01
  9.7768303E-01  2.4373507E+01
  9.7801611E-01  2.4384206E+01
  9.7834918E-01  2.4394918E+01
  9.7868226E-01  2.4405642E+01
  9.7901534E-01  2.4416379E+01
  9.7934842E-01  2.4427128E+01
  9.7968149E-01  2.4437890E+01
  9.8001457E-01  2.4448664E+01
  9.8034765E-01  2.4459451E+01
  9.8068073E-01  2.4470251E+01
  9.8101380E-01  2.4481064E+01
  9.8134688E-01  2.4491889E+01
  9.8167996E-01  2.4502727E+01
  9.8201304E-01  2.4513578E+01
  9.8234612E-01  2.4524442E+01
  9.8267919E-01  2.4535319E+01
  9.8301227E-01  2.4546209E+01
  9.8334535E-01  2.4557112E+01
  9.8367843E-01  2.4568028E+01
  9.8401150E-01  2.4578958E+01
  9.8434458E-01  2.4589900E+01
  9.8467766E-01  2.4600856E+01
  9.8501074E-01  2.4611825E+01
  9.8534381E-01  2.4622807E+01
  9.8567689E-01  2.4633803E+01
  9.8600997E-01  2.4644812E+01
  9.8634305E-01  2.4655835E+01
  9.8667613E-01  2.4666871E+01
  9.8700920E-01  2.4677920E+01
  9.8734228E-01  2.4688984E+01
  9.8767536E-01  2.4700061E+01
  9.8800844E-01  2.4711151E+01
  9.8834151E-01  2.4722256E+01
  9.8867459E-01  2.4733374E+01
  9.8900767E-01  2.4744506E+01
  9.8934075E-01  2.4755652E+01
  9.8967382E-01  2.4766812E+01
  9.9000690E-01  2.4777986E+01
  9.9033998E-01  2.4789174E+01
  9.9067306E-01  2.4800376E+01
  9.9100614E-01  2.4811593E+01
  9.9133921E-01  2.4822823E+01
  9.9167229E-01  2.4834068E+01
  9.9200537E-01  2.4845327E+01
  9.9233845E-01  2.4856600E+01
  9.9267152E-01  2.4867888E+01
  9.9300460E-01  2.4879191E+01
  9.9333768E-01  2.4890507E+01
  9.9367076E-01  2.4901839E+01
  9.9400383E-01  2.4913185E+01
  9.9433691E-01  2.4924546E+01
  9.9466999E-01  2.4935921E+01
  9.9500307E-01  2.4947311E+01
  9.9533615E-01  2.4958717E+01
  9.9566922E-01  2.4970137E+01
  9.9600230E-01  2.4981572E+01
  9.9633538E-01  2.4993022E+01
  9.9666846E-01  2.5004487E+01
  9.9700153E-01  2.5015967E+01
  9.9733461E-01  2.5027463E+01
  9.9766769E-01  2.5038973E+01
  9.9800077E-01  2.5050500E+01
  9.9833384E-01  2.5062041E+01
  9.9866692E-01  2.5073598E+01
