# PC-SAFT-Titan -- Daniel Cordier
# https://www.researchgate.net/profile/Daniel_Cordier
# http://orcid.org/0000-0003-4515-6271
#
# Computation date: 07/07/2021 -- 20h 48min 42s
# Temperature:   115.00 K
# Species 1: N2    
# Species 2: CH4   
#
# yN2 (vap)      P (bar)      
  2.2067497E-03  1.3223434E+00
  9.4844465E-03  1.3320632E+00
  1.6652565E-02  1.3417763E+00
  2.3713562E-02  1.3514825E+00
  3.0669822E-02  1.3611818E+00
  3.7523658E-02  1.3708744E+00
  4.4277318E-02  1.3805601E+00
  5.0932981E-02  1.3902390E+00
  5.7492768E-02  1.3999112E+00
  6.3958735E-02  1.4095765E+00
  7.0332882E-02  1.4192350E+00
  7.6617152E-02  1.4288868E+00
  8.2813434E-02  1.4385318E+00
  8.8923564E-02  1.4481700E+00
  9.4949327E-02  1.4578014E+00
  1.0089246E-01  1.4674261E+00
  1.0675465E-01  1.4770440E+00
  1.1253755E-01  1.4866552E+00
  1.1824275E-01  1.4962597E+00
  1.2387180E-01  1.5058574E+00
  1.2942623E-01  1.5154483E+00
  1.3490751E-01  1.5250326E+00
  1.4031708E-01  1.5346101E+00
  1.4565633E-01  1.5441810E+00
  1.5092664E-01  1.5537451E+00
  1.5612932E-01  1.5633025E+00
  1.6126567E-01  1.5728532E+00
  1.6633696E-01  1.5823973E+00
  1.7134441E-01  1.5919347E+00
  1.7628923E-01  1.6014654E+00
  1.8117258E-01  1.6109894E+00
  1.8599560E-01  1.6205068E+00
  1.9075941E-01  1.6300175E+00
  1.9546508E-01  1.6395216E+00
  2.0011369E-01  1.6490190E+00
  2.0470626E-01  1.6585098E+00
  2.0924380E-01  1.6679940E+00
  2.1372730E-01  1.6774715E+00
  2.1815772E-01  1.6869424E+00
  2.2253599E-01  1.6964068E+00
  2.2686303E-01  1.7058645E+00
  2.3113974E-01  1.7153156E+00
  2.3536699E-01  1.7247601E+00
  2.3954564E-01  1.7341981E+00
  2.4367652E-01  1.7436294E+00
  2.4776045E-01  1.7530542E+00
  2.5179822E-01  1.7624725E+00
  2.5579062E-01  1.7718841E+00
  2.5973840E-01  1.7812893E+00
  2.6364231E-01  1.7906878E+00
  2.6750308E-01  1.8000799E+00
  2.7132142E-01  1.8094654E+00
  2.7509803E-01  1.8188443E+00
  2.7883360E-01  1.8282168E+00
  2.8252878E-01  1.8375827E+00
  2.8618422E-01  1.8469421E+00
  2.8980058E-01  1.8562951E+00
  2.9337847E-01  1.8656415E+00
  2.9691851E-01  1.8749814E+00
  3.0042129E-01  1.8843149E+00
  3.0388740E-01  1.8936419E+00
  3.0731742E-01  1.9029624E+00
  3.1071190E-01  1.9122764E+00
  3.1407140E-01  1.9215840E+00
  3.1739646E-01  1.9308852E+00
  3.2068760E-01  1.9401799E+00
  3.2394535E-01  1.9494681E+00
  3.2717020E-01  1.9587499E+00
  3.3036266E-01  1.9680253E+00
  3.3352321E-01  1.9772943E+00
  3.3665234E-01  1.9865569E+00
  3.3975050E-01  1.9958130E+00
  3.4281815E-01  2.0050628E+00
  3.4585576E-01  2.0143062E+00
  3.4886375E-01  2.0235431E+00
  3.5184255E-01  2.0327737E+00
  3.5479260E-01  2.0419979E+00
  3.5771431E-01  2.0512158E+00
  3.6060809E-01  2.0604273E+00
  3.6347433E-01  2.0696324E+00
  3.6631342E-01  2.0788312E+00
  3.6912576E-01  2.0880236E+00
  3.7191172E-01  2.0972097E+00
  3.7467167E-01  2.1063895E+00
  3.7740598E-01  2.1155629E+00
  3.8011499E-01  2.1247301E+00
  3.8279907E-01  2.1338909E+00
  3.8545855E-01  2.1430454E+00
  3.8809378E-01  2.1521936E+00
  3.9070508E-01  2.1613355E+00
  3.9329278E-01  2.1704711E+00
  3.9585720E-01  2.1796004E+00
  3.9839865E-01  2.1887235E+00
  4.0091744E-01  2.1978403E+00
  4.0341388E-01  2.2069508E+00
  4.0588826E-01  2.2160551E+00
  4.0834087E-01  2.2251532E+00
  4.1077200E-01  2.2342449E+00
  4.1318194E-01  2.2433305E+00
  4.1557095E-01  2.2524098E+00
  4.1793932E-01  2.2614829E+00
  4.2028730E-01  2.2705498E+00
  4.2261517E-01  2.2796104E+00
  4.2492318E-01  2.2886649E+00
  4.2721158E-01  2.2977132E+00
  4.2948063E-01  2.3067552E+00
  4.3173057E-01  2.3157911E+00
  4.3396163E-01  2.3248208E+00
  4.3617407E-01  2.3338443E+00
  4.3836811E-01  2.3428616E+00
  4.4054398E-01  2.3518728E+00
  4.4270190E-01  2.3608779E+00
  4.4484211E-01  2.3698767E+00
  4.4696481E-01  2.3788695E+00
  4.4907022E-01  2.3878561E+00
  4.5115856E-01  2.3968365E+00
  4.5323003E-01  2.4058109E+00
  4.5528483E-01  2.4147791E+00
  4.5732317E-01  2.4237412E+00
  4.5934525E-01  2.4326972E+00
  4.6135125E-01  2.4416471E+00
  4.6334138E-01  2.4505909E+00
  4.6531581E-01  2.4595286E+00
  4.6727474E-01  2.4684602E+00
  4.6921835E-01  2.4773858E+00
  4.7114682E-01  2.4863052E+00
  4.7306032E-01  2.4952187E+00
  4.7495903E-01  2.5041260E+00
  4.7684312E-01  2.5130273E+00
  4.7871277E-01  2.5219226E+00
  4.8056813E-01  2.5308118E+00
  4.8240937E-01  2.5396950E+00
  4.8423665E-01  2.5485721E+00
  4.8605013E-01  2.5574433E+00
  4.8784997E-01  2.5663084E+00
  4.8963632E-01  2.5751675E+00
  4.9140934E-01  2.5840206E+00
  4.9316916E-01  2.5928677E+00
  4.9491595E-01  2.6017088E+00
  4.9664985E-01  2.6105439E+00
  4.9837099E-01  2.6193731E+00
  5.0007952E-01  2.6281963E+00
  5.0177558E-01  2.6370135E+00
  5.0345930E-01  2.6458247E+00
  5.0513083E-01  2.6546300E+00
  5.0679029E-01  2.6634294E+00
  5.0843781E-01  2.6722228E+00
  5.1007352E-01  2.6810102E+00
  5.1169756E-01  2.6897917E+00
  5.1331004E-01  2.6985673E+00
  5.1491109E-01  2.7073370E+00
  5.1650083E-01  2.7161008E+00
  5.1807938E-01  2.7248587E+00
  5.1964686E-01  2.7336106E+00
  5.2120338E-01  2.7423567E+00
  5.2274907E-01  2.7510969E+00
  5.2428403E-01  2.7598312E+00
  5.2580838E-01  2.7685596E+00
  5.2732223E-01  2.7772821E+00
  5.2882568E-01  2.7859988E+00
  5.3031885E-01  2.7947096E+00
  5.3180184E-01  2.8034146E+00
  5.3327474E-01  2.8121137E+00
  5.3473768E-01  2.8208070E+00
  5.3619075E-01  2.8294944E+00
  5.3763404E-01  2.8381760E+00
  5.3906766E-01  2.8468518E+00
  5.4049171E-01  2.8555218E+00
  5.4190627E-01  2.8641860E+00
  5.4331146E-01  2.8728443E+00
  5.4470735E-01  2.8814969E+00
  5.4609405E-01  2.8901436E+00
  5.4747164E-01  2.8987846E+00
  5.4884022E-01  2.9074198E+00
  5.5019986E-01  2.9160492E+00
  5.5155067E-01  2.9246728E+00
  5.5289273E-01  2.9332907E+00
  5.5422612E-01  2.9419028E+00
  5.5555092E-01  2.9505091E+00
  5.5686722E-01  2.9591097E+00
  5.5817511E-01  2.9677046E+00
  5.5947466E-01  2.9762937E+00
  5.6076596E-01  2.9848772E+00
  5.6204907E-01  2.9934548E+00
  5.6332409E-01  3.0020268E+00
  5.6459108E-01  3.0105930E+00
  5.6585013E-01  3.0191536E+00
  5.6710131E-01  3.0277084E+00
  5.6834469E-01  3.0362576E+00
  5.6958034E-01  3.0448010E+00
  5.7080835E-01  3.0533388E+00
  5.7202877E-01  3.0618709E+00
  5.7324169E-01  3.0703973E+00
  5.7444716E-01  3.0789181E+00
  5.7564526E-01  3.0874332E+00
  5.7683607E-01  3.0959426E+00
  5.7801963E-01  3.1044464E+00
  5.7919603E-01  3.1129446E+00
  5.8036532E-01  3.1214371E+00
  5.8152757E-01  3.1299239E+00
  5.8268285E-01  3.1384052E+00
  5.8383121E-01  3.1468808E+00
  5.8497273E-01  3.1553509E+00
  5.8610746E-01  3.1638153E+00
  5.8723546E-01  3.1722741E+00
  5.8835679E-01  3.1807273E+00
  5.8947151E-01  3.1891749E+00
  5.9057969E-01  3.1976170E+00
  5.9168138E-01  3.2060534E+00
  5.9277663E-01  3.2144843E+00
  5.9386551E-01  3.2229096E+00
  5.9494806E-01  3.2313294E+00
  5.9602435E-01  3.2397436E+00
  5.9709443E-01  3.2481522E+00
  5.9815836E-01  3.2565553E+00
  5.9921618E-01  3.2649529E+00
  6.0026795E-01  3.2733449E+00
  6.0131373E-01  3.2817314E+00
  6.0235355E-01  3.2901124E+00
  6.0338749E-01  3.2984878E+00
  6.0441558E-01  3.3068578E+00
  6.0543787E-01  3.3152222E+00
  6.0645442E-01  3.3235811E+00
  6.0746528E-01  3.3319346E+00
  6.0847048E-01  3.3402825E+00
  6.0947009E-01  3.3486250E+00
  6.1046414E-01  3.3569620E+00
  6.1145269E-01  3.3652935E+00
  6.1243578E-01  3.3736196E+00
  6.1341345E-01  3.3819402E+00
  6.1438575E-01  3.3902553E+00
  6.1535273E-01  3.3985650E+00
  6.1631442E-01  3.4068693E+00
  6.1727088E-01  3.4151681E+00
  6.1822215E-01  3.4234614E+00
  6.1916826E-01  3.4317494E+00
  6.2010926E-01  3.4400319E+00
  6.2104520E-01  3.4483090E+00
  6.2197611E-01  3.4565807E+00
  6.2290204E-01  3.4648470E+00
  6.2382302E-01  3.4731079E+00
  6.2473909E-01  3.4813634E+00
  6.2565030E-01  3.4896135E+00
  6.2655669E-01  3.4978583E+00
  6.2745828E-01  3.5060976E+00
  6.2835513E-01  3.5143316E+00
  6.2924727E-01  3.5225602E+00
  6.3013473E-01  3.5307835E+00
  6.3101755E-01  3.5390014E+00
  6.3189578E-01  3.5472139E+00
  6.3276944E-01  3.5554211E+00
  6.3363857E-01  3.5636230E+00
  6.3450321E-01  3.5718195E+00
  6.3536340E-01  3.5800108E+00
  6.3621916E-01  3.5881966E+00
  6.3707054E-01  3.5963772E+00
  6.3791756E-01  3.6045525E+00
  6.3876026E-01  3.6127224E+00
  6.3959867E-01  3.6208871E+00
  6.4043283E-01  3.6290464E+00
  6.4126277E-01  3.6372005E+00
  6.4208852E-01  3.6453493E+00
  6.4291012E-01  3.6534928E+00
  6.4372759E-01  3.6616310E+00
  6.4454096E-01  3.6697640E+00
  6.4535028E-01  3.6778917E+00
  6.4615556E-01  3.6860142E+00
  6.4695684E-01  3.6941314E+00
  6.4775416E-01  3.7022433E+00
  6.4854753E-01  3.7103500E+00
  6.4933699E-01  3.7184515E+00
  6.5012257E-01  3.7265478E+00
  6.5090429E-01  3.7346388E+00
  6.5168219E-01  3.7427246E+00
  6.5245630E-01  3.7508052E+00
  6.5322663E-01  3.7588806E+00
  6.5399323E-01  3.7669508E+00
  6.5475611E-01  3.7750158E+00
  6.5551531E-01  3.7830756E+00
  6.5627086E-01  3.7911302E+00
  6.5702277E-01  3.7991796E+00
  6.5777107E-01  3.8072239E+00
  6.5851580E-01  3.8152630E+00
  6.5925697E-01  3.8232969E+00
  6.5999462E-01  3.8313257E+00
  6.6072877E-01  3.8393493E+00
  6.6145944E-01  3.8473678E+00
  6.6218666E-01  3.8553811E+00
  6.6291045E-01  3.8633893E+00
  6.6363084E-01  3.8713923E+00
  6.6434786E-01  3.8793902E+00
  6.6506152E-01  3.8873830E+00
  6.6577185E-01  3.8953707E+00
  6.6647888E-01  3.9033533E+00
  6.6718262E-01  3.9113308E+00
  6.6788311E-01  3.9193031E+00
  6.6858036E-01  3.9272704E+00
  6.6927439E-01  3.9352326E+00
  6.6996524E-01  3.9431897E+00
  6.7065291E-01  3.9511417E+00
  6.7133744E-01  3.9590887E+00
  6.7201885E-01  3.9670306E+00
  6.7269715E-01  3.9749674E+00
  6.7337237E-01  3.9828991E+00
  6.7404453E-01  3.9908258E+00
  6.7471365E-01  3.9987475E+00
  6.7537976E-01  4.0066641E+00
  6.7604286E-01  4.0145757E+00
  6.7670299E-01  4.0224823E+00
  6.7736017E-01  4.0303838E+00
  6.7801440E-01  4.0382803E+00
  6.7866573E-01  4.0461718E+00
  6.7931415E-01  4.0540582E+00
  6.7995970E-01  4.0619397E+00
  6.8060239E-01  4.0698162E+00
  6.8124225E-01  4.0776877E+00
  6.8187928E-01  4.0855541E+00
  6.8251351E-01  4.0934156E+00
  6.8314497E-01  4.1012722E+00
  6.8377366E-01  4.1091237E+00
  6.8439961E-01  4.1169703E+00
  6.8502283E-01  4.1248119E+00
  6.8564334E-01  4.1326486E+00
  6.8626117E-01  4.1404803E+00
  6.8687632E-01  4.1483070E+00
  6.8748882E-01  4.1561288E+00
  6.8809868E-01  4.1639457E+00
  6.8870592E-01  4.1717577E+00
  6.8931056E-01  4.1795647E+00
  6.8991261E-01  4.1873668E+00
  6.9051210E-01  4.1951639E+00
  6.9110903E-01  4.2029562E+00
  6.9170343E-01  4.2107436E+00
  6.9229531E-01  4.2185260E+00
  6.9288469E-01  4.2263036E+00
  6.9347158E-01  4.2340763E+00
  6.9405600E-01  4.2418440E+00
  6.9463797E-01  4.2496069E+00
  6.9521750E-01  4.2573650E+00
  6.9579460E-01  4.2651181E+00
  6.9636930E-01  4.2728664E+00
  6.9694161E-01  4.2806098E+00
  6.9751154E-01  4.2883484E+00
  6.9807911E-01  4.2960821E+00
  6.9864433E-01  4.3038110E+00
  6.9920722E-01  4.3115351E+00
  6.9976779E-01  4.3192543E+00
  7.0032606E-01  4.3269686E+00
  7.0088204E-01  4.3346782E+00
  7.0143575E-01  4.3423829E+00
  7.0198720E-01  4.3500828E+00
  7.0253640E-01  4.3577780E+00
  7.0308337E-01  4.3654683E+00
  7.0362813E-01  4.3731538E+00
  7.0417068E-01  4.3808345E+00
  7.0471104E-01  4.3885104E+00
  7.0524923E-01  4.3961815E+00
  7.0578525E-01  4.4038479E+00
  7.0631912E-01  4.4115095E+00
  7.0685085E-01  4.4191663E+00
  7.0738047E-01  4.4268183E+00
  7.0790797E-01  4.4344656E+00
  7.0843337E-01  4.4421081E+00
  7.0895669E-01  4.4497459E+00
  7.0947794E-01  4.4573790E+00
  7.0999712E-01  4.4650073E+00
  7.1051426E-01  4.4726309E+00
  7.1102937E-01  4.4802497E+00
  7.1154245E-01  4.4878638E+00
  7.1205353E-01  4.4954732E+00
  7.1256260E-01  4.5030779E+00
  7.1306969E-01  4.5106779E+00
  7.1357481E-01  4.5182732E+00
  7.1407796E-01  4.5258637E+00
  7.1457916E-01  4.5334496E+00
  7.1507842E-01  4.5410308E+00
  7.1557576E-01  4.5486073E+00
  7.1607118E-01  4.5561791E+00
  7.1656469E-01  4.5637463E+00
  7.1705632E-01  4.5713088E+00
  7.1754605E-01  4.5788666E+00
  7.1803392E-01  4.5864198E+00
  7.1851993E-01  4.5939683E+00
  7.1900409E-01  4.6015121E+00
  7.1948641E-01  4.6090513E+00
  7.1996690E-01  4.6165859E+00
  7.2044557E-01  4.6241159E+00
  7.2092244E-01  4.6316412E+00
  7.2139752E-01  4.6391619E+00
  7.2187080E-01  4.6466779E+00
  7.2234231E-01  4.6541894E+00
  7.2281206E-01  4.6616962E+00
  7.2328005E-01  4.6691985E+00
  7.2374630E-01  4.6766961E+00
  7.2421081E-01  4.6841892E+00
  7.2467359E-01  4.6916776E+00
  7.2513467E-01  4.6991615E+00
  7.2559403E-01  4.7066408E+00
  7.2605170E-01  4.7141155E+00
  7.2650769E-01  4.7215856E+00
  7.2696200E-01  4.7290512E+00
  7.2741464E-01  4.7365122E+00
  7.2786563E-01  4.7439687E+00
  7.2831496E-01  4.7514206E+00
  7.2876266E-01  4.7588679E+00
  7.2920873E-01  4.7663108E+00
  7.2965318E-01  4.7737490E+00
  7.3009602E-01  4.7811828E+00
  7.3053725E-01  4.7886120E+00
  7.3097689E-01  4.7960367E+00
  7.3141495E-01  4.8034569E+00
  7.3185143E-01  4.8108726E+00
  7.3228635E-01  4.8182837E+00
  7.3271970E-01  4.8256904E+00
  7.3315151E-01  4.8330926E+00
  7.3358178E-01  4.8404903E+00
  7.3401051E-01  4.8478834E+00
  7.3443772E-01  4.8552721E+00
  7.3486342E-01  4.8626564E+00
  7.3528760E-01  4.8700361E+00
  7.3571029E-01  4.8774114E+00
  7.3613149E-01  4.8847822E+00
  7.3655120E-01  4.8921486E+00
  7.3696944E-01  4.8995105E+00
  7.3738621E-01  4.9068679E+00
  7.3780153E-01  4.9142209E+00
  7.3821539E-01  4.9215695E+00
  7.3862781E-01  4.9289136E+00
  7.3903879E-01  4.9362533E+00
  7.3944835E-01  4.9435886E+00
  7.3985649E-01  4.9509195E+00
  7.4026322E-01  4.9582459E+00
  7.4066854E-01  4.9655679E+00
  7.4107246E-01  4.9728855E+00
  7.4147499E-01  4.9801988E+00
  7.4187615E-01  4.9875076E+00
  7.4227592E-01  4.9948120E+00
  7.4267433E-01  5.0021120E+00
  7.4307138E-01  5.0094077E+00
  7.4346708E-01  5.0166990E+00
  7.4386143E-01  5.0239859E+00
  7.4425444E-01  5.0312684E+00
  7.4464612E-01  5.0385466E+00
  7.4503647E-01  5.0458204E+00
  7.4542551E-01  5.0530898E+00
  7.4581324E-01  5.0603550E+00
  7.4619966E-01  5.0676157E+00
  7.4658478E-01  5.0748721E+00
  7.4696862E-01  5.0821242E+00
  7.4735117E-01  5.0893720E+00
  7.4773244E-01  5.0966154E+00
  7.4811244E-01  5.1038545E+00
  7.4849118E-01  5.1110893E+00
  7.4886866E-01  5.1183198E+00
  7.4924489E-01  5.1255459E+00
  7.4961988E-01  5.1327678E+00
  7.4999363E-01  5.1399853E+00
  7.5036614E-01  5.1471986E+00
  7.5073743E-01  5.1544076E+00
  7.5110751E-01  5.1616123E+00
  7.5147637E-01  5.1688127E+00
  7.5184402E-01  5.1760088E+00
  7.5221047E-01  5.1832007E+00
  7.5257573E-01  5.1903883E+00
  7.5293980E-01  5.1975717E+00
  7.5330268E-01  5.2047507E+00
  7.5366439E-01  5.2119256E+00
  7.5402493E-01  5.2190962E+00
  7.5438431E-01  5.2262625E+00
  7.5474252E-01  5.2334246E+00
  7.5509959E-01  5.2405825E+00
  7.5545550E-01  5.2477361E+00
  7.5581028E-01  5.2548855E+00
  7.5616392E-01  5.2620307E+00
  7.5651643E-01  5.2691717E+00
  7.5686781E-01  5.2763085E+00
  7.5721808E-01  5.2834411E+00
  7.5756724E-01  5.2905694E+00
  7.5791528E-01  5.2976936E+00
  7.5826223E-01  5.3048136E+00
  7.5860807E-01  5.3119294E+00
  7.5895283E-01  5.3190410E+00
  7.5929650E-01  5.3261484E+00
  7.5963909E-01  5.3332516E+00
  7.5998060E-01  5.3403507E+00
  7.6032105E-01  5.3474456E+00
  7.6066043E-01  5.3545364E+00
  7.6099875E-01  5.3616230E+00
  7.6133601E-01  5.3687055E+00
  7.6167223E-01  5.3757838E+00
  7.6200740E-01  5.3828579E+00
  7.6234154E-01  5.3899279E+00
  7.6267463E-01  5.3969938E+00
  7.6300671E-01  5.4040556E+00
  7.6333775E-01  5.4111132E+00
  7.6366778E-01  5.4181668E+00
  7.6399679E-01  5.4252162E+00
  7.6432480E-01  5.4322615E+00
  7.6465180E-01  5.4393026E+00
  7.6497780E-01  5.4463397E+00
  7.6530280E-01  5.4533727E+00
  7.6562682E-01  5.4604016E+00
  7.6594985E-01  5.4674264E+00
  7.6627190E-01  5.4744472E+00
  7.6659297E-01  5.4814638E+00
  7.6691307E-01  5.4884764E+00
  7.6723221E-01  5.4954849E+00
  7.6755038E-01  5.5024893E+00
  7.6786760E-01  5.5094897E+00
  7.6818386E-01  5.5164860E+00
  7.6849918E-01  5.5234783E+00
  7.6881355E-01  5.5304665E+00
  7.6912698E-01  5.5374507E+00
  7.6943947E-01  5.5444308E+00
  7.6975104E-01  5.5514069E+00
  7.7006168E-01  5.5583790E+00
  7.7037139E-01  5.5653471E+00
  7.7068019E-01  5.5723111E+00
  7.7098808E-01  5.5792711E+00
  7.7129505E-01  5.5862271E+00
  7.7160112E-01  5.5931791E+00
  7.7190629E-01  5.6001271E+00
  7.7221057E-01  5.6070711E+00
  7.7251395E-01  5.6140111E+00
  7.7281644E-01  5.6209471E+00
  7.7311805E-01  5.6278792E+00
  7.7341878E-01  5.6348072E+00
  7.7371863E-01  5.6417313E+00
  7.7401761E-01  5.6486514E+00
  7.7431572E-01  5.6555675E+00
  7.7461297E-01  5.6624797E+00
  7.7490935E-01  5.6693879E+00
  7.7520488E-01  5.6762921E+00
  7.7549956E-01  5.6831924E+00
  7.7579339E-01  5.6900888E+00
  7.7608638E-01  5.6969812E+00
  7.7637852E-01  5.7038697E+00
  7.7666983E-01  5.7107543E+00
  7.7696031E-01  5.7176349E+00
  7.7724995E-01  5.7245116E+00
  7.7753877E-01  5.7313844E+00
  7.7782677E-01  5.7382532E+00
  7.7811395E-01  5.7451182E+00
  7.7840031E-01  5.7519792E+00
  7.7868586E-01  5.7588364E+00
  7.7897061E-01  5.7656896E+00
  7.7925455E-01  5.7725390E+00
  7.7953770E-01  5.7793844E+00
  7.7982004E-01  5.7862260E+00
  7.8010159E-01  5.7930637E+00
  7.8038236E-01  5.7998976E+00
  7.8066234E-01  5.8067275E+00
  7.8094153E-01  5.8135536E+00
  7.8121995E-01  5.8203758E+00
  7.8149759E-01  5.8271942E+00
  7.8177446E-01  5.8340087E+00
  7.8205056E-01  5.8408194E+00
  7.8232589E-01  5.8476262E+00
  7.8260046E-01  5.8544292E+00
  7.8287428E-01  5.8612283E+00
  7.8314734E-01  5.8680236E+00
  7.8341964E-01  5.8748151E+00
  7.8369120E-01  5.8816028E+00
  7.8396202E-01  5.8883866E+00
  7.8423209E-01  5.8951666E+00
  7.8450142E-01  5.9019429E+00
  7.8477001E-01  5.9087153E+00
  7.8503788E-01  5.9154839E+00
  7.8530501E-01  5.9222487E+00
  7.8557142E-01  5.9290097E+00
  7.8583711E-01  5.9357669E+00
  7.8610207E-01  5.9425204E+00
  7.8636632E-01  5.9492700E+00
  7.8662985E-01  5.9560159E+00
  7.8689268E-01  5.9627580E+00
  7.8715479E-01  5.9694964E+00
  7.8741621E-01  5.9762309E+00
  7.8767692E-01  5.9829618E+00
  7.8793693E-01  5.9896888E+00
  7.8819625E-01  5.9964121E+00
  7.8845487E-01  6.0031317E+00
  7.8871280E-01  6.0098475E+00
  7.8897005E-01  6.0165596E+00
  7.8922662E-01  6.0232680E+00
  7.8948250E-01  6.0299726E+00
  7.8973770E-01  6.0366735E+00
  7.8999223E-01  6.0433707E+00
  7.9024609E-01  6.0500641E+00
  7.9049928E-01  6.0567539E+00
  7.9075180E-01  6.0634399E+00
  7.9100366E-01  6.0701222E+00
  7.9125486E-01  6.0768009E+00
  7.9150540E-01  6.0834758E+00
  7.9175528E-01  6.0901471E+00
  7.9200451E-01  6.0968146E+00
  7.9225309E-01  6.1034785E+00
  7.9250103E-01  6.1101387E+00
  7.9274832E-01  6.1167952E+00
  7.9299496E-01  6.1234481E+00
  7.9324097E-01  6.1300972E+00
  7.9348634E-01  6.1367428E+00
  7.9373108E-01  6.1433846E+00
  7.9397519E-01  6.1500228E+00
  7.9421867E-01  6.1566574E+00
  7.9446152E-01  6.1632883E+00
  7.9470375E-01  6.1699156E+00
  7.9494535E-01  6.1765392E+00
  7.9518634E-01  6.1831592E+00
  7.9542672E-01  6.1897756E+00
  7.9566648E-01  6.1963884E+00
  7.9590563E-01  6.2029975E+00
  7.9614417E-01  6.2096030E+00
  7.9638210E-01  6.2162049E+00
  7.9661944E-01  6.2228032E+00
  7.9685617E-01  6.2293979E+00
  7.9709230E-01  6.2359890E+00
  7.9732784E-01  6.2425765E+00
  7.9756278E-01  6.2491604E+00
  7.9779713E-01  6.2557407E+00
  7.9803090E-01  6.2623174E+00
  7.9826408E-01  6.2688906E+00
  7.9849667E-01  6.2754601E+00
  7.9872868E-01  6.2820261E+00
  7.9896012E-01  6.2885886E+00
  7.9919097E-01  6.2951475E+00
  7.9942125E-01  6.3017028E+00
  7.9965096E-01  6.3082545E+00
  7.9988010E-01  6.3148027E+00
  8.0010867E-01  6.3213474E+00
  8.0033668E-01  6.3278885E+00
  8.0056412E-01  6.3344261E+00
  8.0079101E-01  6.3409602E+00
  8.0101733E-01  6.3474907E+00
  8.0124310E-01  6.3540177E+00
  8.0146831E-01  6.3605412E+00
  8.0169297E-01  6.3670611E+00
  8.0191708E-01  6.3735776E+00
  8.0214065E-01  6.3800905E+00
  8.0236366E-01  6.3865999E+00
  8.0258614E-01  6.3931059E+00
  8.0280807E-01  6.3996083E+00
  8.0302947E-01  6.4061072E+00
  8.0325033E-01  6.4126027E+00
  8.0347065E-01  6.4190946E+00
  8.0369044E-01  6.4255831E+00
  8.0390970E-01  6.4320681E+00
  8.0412843E-01  6.4385497E+00
  8.0434664E-01  6.4450277E+00
  8.0456432E-01  6.4515023E+00
  8.0478148E-01  6.4579735E+00
  8.0499811E-01  6.4644412E+00
  8.0521423E-01  6.4709054E+00
  8.0542984E-01  6.4773662E+00
  8.0564493E-01  6.4838235E+00
  8.0585950E-01  6.4902774E+00
  8.0607357E-01  6.4967279E+00
  8.0628713E-01  6.5031749E+00
  8.0650018E-01  6.5096185E+00
  8.0671273E-01  6.5160587E+00
  8.0692478E-01  6.5224954E+00
  8.0713632E-01  6.5289288E+00
  8.0734737E-01  6.5353587E+00
  8.0755792E-01  6.5417852E+00
  8.0776797E-01  6.5482083E+00
  8.0797754E-01  6.5546280E+00
  8.0818661E-01  6.5610444E+00
  8.0839519E-01  6.5674573E+00
  8.0860328E-01  6.5738668E+00
  8.0881090E-01  6.5802730E+00
  8.0901802E-01  6.5866757E+00
  8.0922467E-01  6.5930751E+00
  8.0943083E-01  6.5994712E+00
  8.0963652E-01  6.6058638E+00
  8.0984173E-01  6.6122531E+00
  8.1004647E-01  6.6186390E+00
  8.1025073E-01  6.6250216E+00
  8.1045453E-01  6.6314008E+00
  8.1065785E-01  6.6377767E+00
  8.1086071E-01  6.6441492E+00
  8.1106310E-01  6.6505184E+00
  8.1126503E-01  6.6568843E+00
  8.1146650E-01  6.6632468E+00
  8.1166750E-01  6.6696060E+00
  8.1186805E-01  6.6759618E+00
  8.1206814E-01  6.6823144E+00
  8.1226778E-01  6.6886636E+00
  8.1246696E-01  6.6950095E+00
  8.1266569E-01  6.7013521E+00
  8.1286397E-01  6.7076914E+00
  8.1306181E-01  6.7140274E+00
  8.1325919E-01  6.7203601E+00
  8.1345614E-01  6.7266896E+00
  8.1365263E-01  6.7330157E+00
  8.1384869E-01  6.7393385E+00
  8.1404431E-01  6.7456581E+00
  8.1423949E-01  6.7519743E+00
  8.1443423E-01  6.7582873E+00
  8.1462853E-01  6.7645971E+00
  8.1482241E-01  6.7709035E+00
  8.1501585E-01  6.7772068E+00
  8.1520886E-01  6.7835067E+00
  8.1540144E-01  6.7898034E+00
  8.1559360E-01  6.7960968E+00
  8.1578532E-01  6.8023870E+00
  8.1597663E-01  6.8086740E+00
  8.1616751E-01  6.8149577E+00
  8.1635797E-01  6.8212382E+00
  8.1654802E-01  6.8275154E+00
  8.1673764E-01  6.8337895E+00
  8.1692685E-01  6.8400603E+00
  8.1711564E-01  6.8463279E+00
  8.1730402E-01  6.8525922E+00
  8.1749199E-01  6.8588534E+00
  8.1767955E-01  6.8651113E+00
  8.1786670E-01  6.8713661E+00
  8.1805344E-01  6.8776176E+00
  8.1823977E-01  6.8838660E+00
  8.1842571E-01  6.8901111E+00
  8.1861123E-01  6.8963531E+00
  8.1879636E-01  6.9025919E+00
  8.1898109E-01  6.9088275E+00
  8.1916542E-01  6.9150599E+00
  8.1934935E-01  6.9212892E+00
  8.1953288E-01  6.9275153E+00
  8.1971602E-01  6.9337382E+00
  8.1989877E-01  6.9399580E+00
  8.2008113E-01  6.9461746E+00
  8.2026309E-01  6.9523880E+00
  8.2044467E-01  6.9585983E+00
  8.2062586E-01  6.9648055E+00
  8.2080667E-01  6.9710095E+00
  8.2098709E-01  6.9772104E+00
  8.2116712E-01  6.9834081E+00
  8.2134678E-01  6.9896027E+00
  8.2152605E-01  6.9957942E+00
  8.2170495E-01  7.0019826E+00
  8.2188347E-01  7.0081678E+00
  8.2206161E-01  7.0143499E+00
  8.2223937E-01  7.0205290E+00
  8.2241676E-01  7.0267049E+00
  8.2259378E-01  7.0328777E+00
  8.2277043E-01  7.0390474E+00
  8.2294671E-01  7.0452140E+00
  8.2312262E-01  7.0513775E+00
  8.2329816E-01  7.0575379E+00
  8.2347334E-01  7.0636953E+00
  8.2364815E-01  7.0698495E+00
  8.2382260E-01  7.0760007E+00
  8.2399669E-01  7.0821488E+00
  8.2417041E-01  7.0882939E+00
  8.2434378E-01  7.0944359E+00
  8.2451679E-01  7.1005748E+00
  8.2468944E-01  7.1067106E+00
  8.2486173E-01  7.1128434E+00
  8.2503367E-01  7.1189732E+00
  8.2520526E-01  7.1250999E+00
  8.2537649E-01  7.1312236E+00
  8.2554738E-01  7.1373442E+00
  8.2571791E-01  7.1434618E+00
  8.2588809E-01  7.1495763E+00
  8.2605793E-01  7.1556879E+00
  8.2622742E-01  7.1617964E+00
  8.2639657E-01  7.1679018E+00
  8.2656537E-01  7.1740043E+00
  8.2673383E-01  7.1801038E+00
  8.2690195E-01  7.1862002E+00
  8.2706973E-01  7.1922936E+00
  8.2723717E-01  7.1983841E+00
  8.2740427E-01  7.2044715E+00
  8.2757104E-01  7.2105560E+00
  8.2773747E-01  7.2166374E+00
  8.2790356E-01  7.2227159E+00
  8.2806933E-01  7.2287914E+00
  8.2823476E-01  7.2348639E+00
  8.2839985E-01  7.2409334E+00
  8.2856462E-01  7.2469999E+00
  8.2872906E-01  7.2530635E+00
  8.2889318E-01  7.2591242E+00
  8.2905696E-01  7.2651818E+00
  8.2922042E-01  7.2712365E+00
  8.2938356E-01  7.2772883E+00
  8.2954637E-01  7.2833371E+00
  8.2970886E-01  7.2893829E+00
  8.2987103E-01  7.2954258E+00
  8.3003288E-01  7.3014658E+00
  8.3019441E-01  7.3075029E+00
  8.3035563E-01  7.3135370E+00
  8.3051652E-01  7.3195681E+00
  8.3067710E-01  7.3255964E+00
  8.3083737E-01  7.3316217E+00
  8.3099732E-01  7.3376442E+00
  8.3115696E-01  7.3436637E+00
  8.3131629E-01  7.3496803E+00
  8.3147531E-01  7.3556940E+00
  8.3163402E-01  7.3617048E+00
  8.3179242E-01  7.3677127E+00
  8.3195051E-01  7.3737176E+00
  8.3210830E-01  7.3797198E+00
  8.3226578E-01  7.3857190E+00
  8.3242296E-01  7.3917153E+00
  8.3257983E-01  7.3977088E+00
  8.3273640E-01  7.4036994E+00
  8.3289267E-01  7.4096871E+00
  8.3304864E-01  7.4156719E+00
  8.3320431E-01  7.4216539E+00
  8.3335969E-01  7.4276330E+00
  8.3351476E-01  7.4336093E+00
  8.3366954E-01  7.4395827E+00
  8.3382402E-01  7.4455532E+00
  8.3397821E-01  7.4515209E+00
  8.3413211E-01  7.4574858E+00
  8.3428571E-01  7.4634478E+00
  8.3443903E-01  7.4694070E+00
  8.3459205E-01  7.4753634E+00
  8.3474478E-01  7.4813169E+00
  8.3489722E-01  7.4872676E+00
  8.3504938E-01  7.4932155E+00
  8.3520125E-01  7.4991605E+00
  8.3535283E-01  7.5051028E+00
  8.3550413E-01  7.5110422E+00
  8.3565515E-01  7.5169788E+00
  8.3580588E-01  7.5229127E+00
  8.3595633E-01  7.5288437E+00
  8.3610650E-01  7.5347719E+00
  8.3625638E-01  7.5406974E+00
  8.3640599E-01  7.5466200E+00
  8.3655532E-01  7.5525399E+00
  8.3670438E-01  7.5584570E+00
  8.3685315E-01  7.5643713E+00
  8.3700166E-01  7.5702828E+00
  8.3714988E-01  7.5761916E+00
  8.3729783E-01  7.5820976E+00
  8.3744551E-01  7.5880008E+00
  8.3759292E-01  7.5939013E+00
  8.3774006E-01  7.5997990E+00
  8.3788692E-01  7.6056939E+00
  8.3803352E-01  7.6115861E+00
  8.3817984E-01  7.6174756E+00
  8.3832590E-01  7.6233623E+00
  8.3847170E-01  7.6292463E+00
  8.3861722E-01  7.6351276E+00
  8.3876248E-01  7.6410061E+00
  8.3890748E-01  7.6468819E+00
  8.3905221E-01  7.6527550E+00
  8.3919668E-01  7.6586253E+00
  8.3934089E-01  7.6644929E+00
  8.3948484E-01  7.6703578E+00
  8.3962852E-01  7.6762201E+00
  8.3977195E-01  7.6820796E+00
  8.3991512E-01  7.6879363E+00
  8.4005803E-01  7.6937904E+00
  8.4020069E-01  7.6996418E+00
  8.4034309E-01  7.7054906E+00
  8.4048523E-01  7.7113366E+00
  8.4062712E-01  7.7171799E+00
  8.4076875E-01  7.7230206E+00
  8.4091013E-01  7.7288586E+00
  8.4105126E-01  7.7346939E+00
  8.4119214E-01  7.7405265E+00
  8.4133277E-01  7.7463565E+00
  8.4147315E-01  7.7521838E+00
  8.4161328E-01  7.7580084E+00
  8.4175316E-01  7.7638304E+00
  8.4189279E-01  7.7696497E+00
  8.4203218E-01  7.7754664E+00
  8.4217132E-01  7.7812804E+00
  8.4231022E-01  7.7870918E+00
  8.4244887E-01  7.7929006E+00
  8.4258728E-01  7.7987067E+00
  8.4272545E-01  7.8045102E+00
  8.4286337E-01  7.8103110E+00
  8.4300105E-01  7.8161093E+00
  8.4313850E-01  7.8219049E+00
  8.4327570E-01  7.8276979E+00
  8.4341266E-01  7.8334882E+00
  8.4354939E-01  7.8392760E+00
  8.4368588E-01  7.8450612E+00
  8.4382213E-01  7.8508437E+00
  8.4395814E-01  7.8566237E+00
  8.4409392E-01  7.8624010E+00
  8.4422947E-01  7.8681758E+00
  8.4436478E-01  7.8739480E+00
  8.4449986E-01  7.8797176E+00
  8.4463470E-01  7.8854846E+00
  8.4476932E-01  7.8912490E+00
  8.4490370E-01  7.8970108E+00
  8.4503785E-01  7.9027701E+00
  8.4517178E-01  7.9085268E+00
  8.4530547E-01  7.9142810E+00
  8.4543894E-01  7.9200326E+00
  8.4557218E-01  7.9257816E+00
  8.4570519E-01  7.9315280E+00
  8.4583797E-01  7.9372720E+00
  8.4597054E-01  7.9430133E+00
  8.4610287E-01  7.9487522E+00
  8.4623498E-01  7.9544884E+00
  8.4636687E-01  7.9602222E+00
  8.4649854E-01  7.9659534E+00
  8.4662998E-01  7.9716821E+00
  8.4676121E-01  7.9774082E+00
  8.4689221E-01  7.9831318E+00
  8.4702299E-01  7.9888529E+00
  8.4715356E-01  7.9945715E+00
  8.4728390E-01  8.0002876E+00
  8.4741403E-01  8.0060012E+00
  8.4754394E-01  8.0117122E+00
  8.4767363E-01  8.0174208E+00
  8.4780311E-01  8.0231268E+00
  8.4793237E-01  8.0288304E+00
  8.4806142E-01  8.0345315E+00
  8.4819025E-01  8.0402300E+00
  8.4831887E-01  8.0459261E+00
  8.4844728E-01  8.0516197E+00
  8.4857547E-01  8.0573109E+00
  8.4870346E-01  8.0629995E+00
  8.4883123E-01  8.0686857E+00
  8.4895879E-01  8.0743694E+00
  8.4908615E-01  8.0800507E+00
  8.4921329E-01  8.0857294E+00
  8.4934023E-01  8.0914058E+00
  8.4946696E-01  8.0970796E+00
  8.4959348E-01  8.1027511E+00
  8.4971979E-01  8.1084200E+00
  8.4984590E-01  8.1140866E+00
  8.4997181E-01  8.1197506E+00
  8.5009751E-01  8.1254123E+00
  8.5022300E-01  8.1310715E+00
  8.5034830E-01  8.1367283E+00
  8.5047339E-01  8.1423826E+00
  8.5059827E-01  8.1480346E+00
  8.5072296E-01  8.1536841E+00
  8.5084745E-01  8.1593312E+00
  8.5097173E-01  8.1649758E+00
  8.5109582E-01  8.1706181E+00
  8.5121970E-01  8.1762579E+00
  8.5134339E-01  8.1818954E+00
  8.5146688E-01  8.1875304E+00
  8.5159017E-01  8.1931631E+00
  8.5171327E-01  8.1987934E+00
  8.5183617E-01  8.2044212E+00
  8.5195887E-01  8.2100467E+00
  8.5208138E-01  8.2156698E+00
  8.5220370E-01  8.2212905E+00
  8.5232582E-01  8.2269089E+00
  8.5244775E-01  8.2325248E+00
  8.5256948E-01  8.2381384E+00
  8.5269102E-01  8.2437497E+00
  8.5281237E-01  8.2493585E+00
  8.5293353E-01  8.2549650E+00
  8.5305450E-01  8.2605692E+00
  8.5317528E-01  8.2661710E+00
  8.5329587E-01  8.2717704E+00
  8.5341628E-01  8.2773675E+00
  8.5353649E-01  8.2829623E+00
  8.5365651E-01  8.2885547E+00
  8.5377635E-01  8.2941448E+00
  8.5389601E-01  8.2997325E+00
  8.5401547E-01  8.3053179E+00
  8.5413475E-01  8.3109010E+00
  8.5425385E-01  8.3164818E+00
  8.5437276E-01  8.3220602E+00
  8.5449148E-01  8.3276364E+00
  8.5461003E-01  8.3332102E+00
  8.5472839E-01  8.3387817E+00
  8.5484657E-01  8.3443509E+00
  8.5496456E-01  8.3499178E+00
  8.5508238E-01  8.3554824E+00
  8.5520001E-01  8.3610447E+00
  8.5531747E-01  8.3666047E+00
  8.5543474E-01  8.3721624E+00
  8.5555184E-01  8.3777178E+00
  8.5566876E-01  8.3832710E+00
  8.5578550E-01  8.3888218E+00
  8.5590206E-01  8.3943704E+00
  8.5601844E-01  8.3999168E+00
  8.5613465E-01  8.4054608E+00
  8.5625068E-01  8.4110026E+00
  8.5636654E-01  8.4165421E+00
  8.5648222E-01  8.4220794E+00
  8.5659773E-01  8.4276144E+00
  8.5671306E-01  8.4331471E+00
  8.5682822E-01  8.4386776E+00
  8.5694320E-01  8.4442059E+00
  8.5705802E-01  8.4497319E+00
  8.5717266E-01  8.4552556E+00
  8.5728713E-01  8.4607772E+00
  8.5740143E-01  8.4662965E+00
  8.5751556E-01  8.4718135E+00
  8.5762952E-01  8.4773284E+00
  8.5774330E-01  8.4828410E+00
  8.5785692E-01  8.4883514E+00
  8.5797037E-01  8.4938596E+00
  8.5808366E-01  8.4993655E+00
  8.5819677E-01  8.5048693E+00
  8.5830972E-01  8.5103709E+00
  8.5842250E-01  8.5158702E+00
  8.5853512E-01  8.5213673E+00
  8.5864757E-01  8.5268623E+00
  8.5875985E-01  8.5323551E+00
  8.5887197E-01  8.5378456E+00
  8.5898392E-01  8.5433340E+00
  8.5909571E-01  8.5488202E+00
  8.5920734E-01  8.5543042E+00
  8.5931881E-01  8.5597860E+00
  8.5943011E-01  8.5652657E+00
  8.5954125E-01  8.5707432E+00
  8.5965223E-01  8.5762185E+00
  8.5976304E-01  8.5816917E+00
  8.5987370E-01  8.5871627E+00
  8.5998420E-01  8.5926315E+00
  8.6009453E-01  8.5980982E+00
  8.6020471E-01  8.6035627E+00
  8.6031473E-01  8.6090251E+00
  8.6042459E-01  8.6144853E+00
  8.6053429E-01  8.6199434E+00
  8.6064383E-01  8.6253994E+00
  8.6075322E-01  8.6308532E+00
  8.6086245E-01  8.6363049E+00
  8.6097153E-01  8.6417545E+00
  8.6108044E-01  8.6472019E+00
  8.6118921E-01  8.6526473E+00
  8.6129782E-01  8.6580905E+00
  8.6140627E-01  8.6635315E+00
  8.6151457E-01  8.6689705E+00
  8.6162272E-01  8.6744074E+00
  8.6173071E-01  8.6798421E+00
  8.6183855E-01  8.6852748E+00
  8.6194624E-01  8.6907053E+00
  8.6205377E-01  8.6961338E+00
  8.6216116E-01  8.7015602E+00
  8.6226839E-01  8.7069844E+00
  8.6237548E-01  8.7124066E+00
  8.6248241E-01  8.7178267E+00
  8.6258919E-01  8.7232448E+00
  8.6269583E-01  8.7286607E+00
  8.6280231E-01  8.7340746E+00
  8.6290865E-01  8.7394864E+00
  8.6301484E-01  8.7448962E+00
  8.6312088E-01  8.7503038E+00
  8.6322677E-01  8.7557094E+00
  8.6333252E-01  8.7611130E+00
  8.6343812E-01  8.7665145E+00
  8.6354357E-01  8.7719140E+00
  8.6364888E-01  8.7773114E+00
  8.6375404E-01  8.7827067E+00
  8.6385906E-01  8.7881001E+00
  8.6396393E-01  8.7934913E+00
  8.6406866E-01  8.7988806E+00
  8.6417325E-01  8.8042678E+00
  8.6427769E-01  8.8096530E+00
  8.6438199E-01  8.8150362E+00
  8.6448615E-01  8.8204173E+00
  8.6459016E-01  8.8257964E+00
  8.6469403E-01  8.8311735E+00
  8.6479777E-01  8.8365486E+00
  8.6490136E-01  8.8419217E+00
  8.6500481E-01  8.8472928E+00
  8.6510812E-01  8.8526619E+00
  8.6521129E-01  8.8580290E+00
  8.6531432E-01  8.8633940E+00
  8.6541721E-01  8.8687571E+00
  8.6551996E-01  8.8741182E+00
  8.6562258E-01  8.8794773E+00
  8.6572506E-01  8.8848345E+00
  8.6582740E-01  8.8901896E+00
  8.6592960E-01  8.8955428E+00
  8.6603167E-01  8.9008940E+00
  8.6613360E-01  8.9062432E+00
  8.6623539E-01  8.9115905E+00
  8.6633705E-01  8.9169358E+00
  8.6643857E-01  8.9222791E+00
  8.6653996E-01  8.9276205E+00
  8.6664121E-01  8.9329599E+00
  8.6674233E-01  8.9382974E+00
  8.6684332E-01  8.9436329E+00
  8.6694417E-01  8.9489665E+00
  8.6704489E-01  8.9542981E+00
  8.6714548E-01  8.9596278E+00
  8.6724593E-01  8.9649556E+00
  8.6734625E-01  8.9702814E+00
  8.6744644E-01  8.9756053E+00
  8.6754650E-01  8.9809273E+00
  8.6764643E-01  8.9862473E+00
  8.6774623E-01  8.9915654E+00
  8.6784590E-01  8.9968816E+00
  8.6794543E-01  9.0021959E+00
  8.6804484E-01  9.0075083E+00
  8.6814412E-01  9.0128188E+00
  8.6824327E-01  9.0181274E+00
  8.6834229E-01  9.0234340E+00
  8.6844119E-01  9.0287388E+00
  8.6853995E-01  9.0340417E+00
  8.6863859E-01  9.0393427E+00
  8.6873710E-01  9.0446418E+00
  8.6883549E-01  9.0499390E+00
  8.6893375E-01  9.0552343E+00
  8.6903188E-01  9.0605278E+00
  8.6912989E-01  9.0658194E+00
  8.6922777E-01  9.0711091E+00
  8.6932552E-01  9.0763969E+00
  8.6942316E-01  9.0816829E+00
  8.6952066E-01  9.0869670E+00
  8.6961805E-01  9.0922492E+00
  8.6971531E-01  9.0975296E+00
  8.6981244E-01  9.1028081E+00
  8.6990946E-01  9.1080848E+00
  8.7000635E-01  9.1133597E+00
  8.7010312E-01  9.1186327E+00
  8.7019976E-01  9.1239038E+00
  8.7029629E-01  9.1291731E+00
  8.7039269E-01  9.1344406E+00
  8.7048897E-01  9.1397062E+00
  8.7058514E-01  9.1449701E+00
  8.7068118E-01  9.1502320E+00
  8.7077710E-01  9.1554922E+00
  8.7087290E-01  9.1607506E+00
  8.7096858E-01  9.1660071E+00
  8.7106414E-01  9.1712618E+00
  8.7115959E-01  9.1765147E+00
  8.7125491E-01  9.1817658E+00
  8.7135012E-01  9.1870151E+00
  8.7144521E-01  9.1922626E+00
  8.7154018E-01  9.1975083E+00
  8.7163504E-01  9.2027522E+00
  8.7172977E-01  9.2079943E+00
  8.7182440E-01  9.2132346E+00
  8.7191890E-01  9.2184732E+00
  8.7201329E-01  9.2237099E+00
  8.7210756E-01  9.2289449E+00
  8.7220172E-01  9.2341781E+00
  8.7229576E-01  9.2394096E+00
  8.7238969E-01  9.2446392E+00
  8.7248351E-01  9.2498671E+00
  8.7257721E-01  9.2550932E+00
  8.7267079E-01  9.2603176E+00
  8.7276426E-01  9.2655402E+00
  8.7285762E-01  9.2707611E+00
  8.7295087E-01  9.2759802E+00
  8.7304400E-01  9.2811975E+00
  8.7313702E-01  9.2864131E+00
  8.7322993E-01  9.2916270E+00
  8.7332273E-01  9.2968391E+00
  8.7341541E-01  9.3020495E+00
  8.7350799E-01  9.3072582E+00
  8.7360045E-01  9.3124651E+00
  8.7369280E-01  9.3176703E+00
  8.7378505E-01  9.3228738E+00
  8.7387718E-01  9.3280756E+00
  8.7396920E-01  9.3332756E+00
  8.7406112E-01  9.3384740E+00
  8.7415292E-01  9.3436706E+00
  8.7424462E-01  9.3488655E+00
  8.7433620E-01  9.3540587E+00
  8.7442768E-01  9.3592502E+00
  8.7451905E-01  9.3644400E+00
  8.7461032E-01  9.3696281E+00
  8.7470147E-01  9.3748146E+00
  8.7479252E-01  9.3799993E+00
  8.7488346E-01  9.3851823E+00
  8.7497430E-01  9.3903637E+00
  8.7506503E-01  9.3955434E+00
  8.7515565E-01  9.4007214E+00
  8.7524617E-01  9.4058977E+00
  8.7533658E-01  9.4110724E+00
  8.7542689E-01  9.4162454E+00
  8.7551709E-01  9.4214167E+00
  8.7560719E-01  9.4265863E+00
  8.7569718E-01  9.4317544E+00
  8.7578707E-01  9.4369207E+00
  8.7587685E-01  9.4420854E+00
  8.7596653E-01  9.4472484E+00
  8.7605611E-01  9.4524098E+00
  8.7614559E-01  9.4575696E+00
  8.7623496E-01  9.4627277E+00
  8.7632423E-01  9.4678842E+00
  8.7641340E-01  9.4730390E+00
  8.7650246E-01  9.4781922E+00
  8.7659143E-01  9.4833438E+00
  8.7668029E-01  9.4884938E+00
  8.7676905E-01  9.4936421E+00
  8.7685771E-01  9.4987888E+00
  8.7694627E-01  9.5039339E+00
  8.7703473E-01  9.5090774E+00
  8.7712309E-01  9.5142193E+00
  8.7721135E-01  9.5193596E+00
  8.7729951E-01  9.5244983E+00
  8.7738757E-01  9.5296353E+00
  8.7747554E-01  9.5347708E+00
  8.7756340E-01  9.5399047E+00
  8.7765116E-01  9.5450369E+00
  8.7773883E-01  9.5501676E+00
  8.7782640E-01  9.5552967E+00
  8.7791387E-01  9.5604243E+00
  8.7800124E-01  9.5655502E+00
  8.7808852E-01  9.5706746E+00
  8.7817570E-01  9.5757974E+00
  8.7826278E-01  9.5809186E+00
  8.7834977E-01  9.5860383E+00
  8.7843666E-01  9.5911564E+00
  8.7852345E-01  9.5962729E+00
  8.7861015E-01  9.6013879E+00
  8.7869675E-01  9.6065013E+00
  8.7878326E-01  9.6116131E+00
  8.7886967E-01  9.6167235E+00
  8.7895599E-01  9.6218322E+00
  8.7904221E-01  9.6269395E+00
  8.7912834E-01  9.6320451E+00
  8.7921438E-01  9.6371493E+00
  8.7930032E-01  9.6422519E+00
  8.7938616E-01  9.6473530E+00
  8.7947192E-01  9.6524525E+00
  8.7955758E-01  9.6575506E+00
  8.7964315E-01  9.6626471E+00
  8.7972862E-01  9.6677421E+00
  8.7981401E-01  9.6728355E+00
  8.7989930E-01  9.6779275E+00
  8.7998450E-01  9.6830180E+00
  8.8006961E-01  9.6881069E+00
  8.8015462E-01  9.6931943E+00
  8.8023955E-01  9.6982803E+00
  8.8032438E-01  9.7033647E+00
  8.8040913E-01  9.7084477E+00
  8.8049378E-01  9.7135291E+00
  8.8057834E-01  9.7186091E+00
  8.8066282E-01  9.7236875E+00
  8.8074720E-01  9.7287645E+00
  8.8083149E-01  9.7338401E+00
  8.8091570E-01  9.7389141E+00
  8.8099981E-01  9.7439867E+00
  8.8108384E-01  9.7490577E+00
  8.8116778E-01  9.7541274E+00
  8.8125163E-01  9.7591955E+00
  8.8133539E-01  9.7642622E+00
  8.8141907E-01  9.7693275E+00
  8.8150265E-01  9.7743912E+00
  8.8158615E-01  9.7794536E+00
  8.8166956E-01  9.7845145E+00
  8.8175289E-01  9.7895739E+00
  8.8183613E-01  9.7946319E+00
  8.8191928E-01  9.7996884E+00
  8.8200234E-01  9.8047435E+00
  8.8208532E-01  9.8097972E+00
  8.8216821E-01  9.8148494E+00
  8.8225102E-01  9.8199003E+00
  8.8233374E-01  9.8249496E+00
  8.8241638E-01  9.8299976E+00
  8.8249893E-01  9.8350441E+00
  8.8258140E-01  9.8400893E+00
  8.8266378E-01  9.8451330E+00
  8.8274608E-01  9.8501753E+00
  8.8282829E-01  9.8552162E+00
  8.8291042E-01  9.8602557E+00
  8.8299247E-01  9.8652937E+00
  8.8307443E-01  9.8703304E+00
  8.8315631E-01  9.8753657E+00
  8.8323811E-01  9.8803996E+00
  8.8331982E-01  9.8854321E+00
  8.8340145E-01  9.8904632E+00
  8.8348300E-01  9.8954930E+00
  8.8356447E-01  9.9005213E+00
  8.8364585E-01  9.9055483E+00
  8.8372716E-01  9.9105739E+00
  8.8380838E-01  9.9155981E+00
  8.8388952E-01  9.9206210E+00
  8.8397058E-01  9.9256425E+00
  8.8405155E-01  9.9306626E+00
  8.8413245E-01  9.9356814E+00
  8.8421327E-01  9.9406988E+00
  8.8429400E-01  9.9457148E+00
  8.8437466E-01  9.9507295E+00
  8.8445524E-01  9.9557429E+00
  8.8453573E-01  9.9607549E+00
  8.8461615E-01  9.9657655E+00
  8.8469649E-01  9.9707749E+00
  8.8477675E-01  9.9757829E+00
  8.8485693E-01  9.9807895E+00
  8.8493703E-01  9.9857948E+00
  8.8501705E-01  9.9907988E+00
  8.8509699E-01  9.9958015E+00
  8.8517686E-01  1.0000803E+01
  8.8525665E-01  1.0005803E+01
  8.8533636E-01  1.0010802E+01
  8.8541599E-01  1.0015799E+01
  8.8549555E-01  1.0020795E+01
  8.8557503E-01  1.0025790E+01
  8.8565443E-01  1.0030783E+01
  8.8573375E-01  1.0035776E+01
  8.8581300E-01  1.0040766E+01
  8.8589217E-01  1.0045756E+01
  8.8597127E-01  1.0050744E+01
  8.8605029E-01  1.0055731E+01
  8.8612923E-01  1.0060717E+01
  8.8620810E-01  1.0065701E+01
  8.8628690E-01  1.0070685E+01
  8.8636562E-01  1.0075666E+01
  8.8644426E-01  1.0080647E+01
  8.8652283E-01  1.0085626E+01
  8.8660132E-01  1.0090604E+01
  8.8667974E-01  1.0095581E+01
  8.8675809E-01  1.0100557E+01
  8.8683636E-01  1.0105531E+01
  8.8691456E-01  1.0110504E+01
  8.8699268E-01  1.0115476E+01
  8.8707073E-01  1.0120446E+01
  8.8714871E-01  1.0125415E+01
  8.8722662E-01  1.0130383E+01
  8.8730445E-01  1.0135350E+01
  8.8738221E-01  1.0140316E+01
  8.8745989E-01  1.0145280E+01
  8.8753751E-01  1.0150243E+01
  8.8761505E-01  1.0155205E+01
  8.8769252E-01  1.0160166E+01
  8.8776992E-01  1.0165125E+01
  8.8784725E-01  1.0170083E+01
  8.8792450E-01  1.0175040E+01
  8.8800169E-01  1.0179996E+01
  8.8807880E-01  1.0184950E+01
  8.8815584E-01  1.0189904E+01
  8.8823282E-01  1.0194856E+01
  8.8830972E-01  1.0199806E+01
  8.8838655E-01  1.0204756E+01
  8.8846331E-01  1.0209705E+01
  8.8854000E-01  1.0214652E+01
  8.8861662E-01  1.0219598E+01
  8.8869317E-01  1.0224543E+01
  8.8876966E-01  1.0229487E+01
  8.8884607E-01  1.0234429E+01
  8.8892241E-01  1.0239371E+01
  8.8899869E-01  1.0244311E+01
  8.8907490E-01  1.0249250E+01
  8.8915104E-01  1.0254188E+01
  8.8922711E-01  1.0259124E+01
  8.8930311E-01  1.0264060E+01
  8.8937904E-01  1.0268994E+01
  8.8945491E-01  1.0273927E+01
  8.8953070E-01  1.0278859E+01
  8.8960644E-01  1.0283790E+01
  8.8968210E-01  1.0288720E+01
  8.8975770E-01  1.0293648E+01
  8.8983323E-01  1.0298576E+01
  8.8990869E-01  1.0303502E+01
  8.8998408E-01  1.0308427E+01
  8.9005941E-01  1.0313351E+01
  8.9013468E-01  1.0318274E+01
  8.9020987E-01  1.0323196E+01
  8.9028501E-01  1.0328116E+01
  8.9036007E-01  1.0333036E+01
  8.9043507E-01  1.0337954E+01
  8.9051001E-01  1.0342871E+01
  8.9058488E-01  1.0347787E+01
  8.9065968E-01  1.0352702E+01
  8.9073442E-01  1.0357616E+01
  8.9080910E-01  1.0362529E+01
  8.9088371E-01  1.0367441E+01
  8.9095825E-01  1.0372351E+01
  8.9103273E-01  1.0377261E+01
  8.9110715E-01  1.0382169E+01
  8.9118150E-01  1.0387077E+01
  8.9125579E-01  1.0391983E+01
  8.9133002E-01  1.0396888E+01
  8.9140418E-01  1.0401792E+01
  8.9147828E-01  1.0406695E+01
  8.9155232E-01  1.0411597E+01
  8.9162629E-01  1.0416497E+01
  8.9170020E-01  1.0421397E+01
  8.9177405E-01  1.0426296E+01
  8.9184784E-01  1.0431193E+01
  8.9192156E-01  1.0436090E+01
  8.9199522E-01  1.0440985E+01
  8.9206882E-01  1.0445880E+01
  8.9214236E-01  1.0450773E+01
  8.9221584E-01  1.0455665E+01
  8.9228925E-01  1.0460557E+01
  8.9236260E-01  1.0465447E+01
  8.9243589E-01  1.0470336E+01
  8.9250913E-01  1.0475224E+01
  8.9258230E-01  1.0480111E+01
  8.9265541E-01  1.0484997E+01
  8.9272845E-01  1.0489882E+01
  8.9280144E-01  1.0494766E+01
  8.9287437E-01  1.0499649E+01
  8.9294724E-01  1.0504531E+01
  8.9302005E-01  1.0509412E+01
  8.9309280E-01  1.0514292E+01
  8.9316548E-01  1.0519171E+01
  8.9323811E-01  1.0524048E+01
  8.9331068E-01  1.0528925E+01
  8.9338320E-01  1.0533801E+01
  8.9345565E-01  1.0538676E+01
  8.9352804E-01  1.0543550E+01
  8.9360038E-01  1.0548423E+01
  8.9367265E-01  1.0553294E+01
  8.9374487E-01  1.0558165E+01
  8.9381703E-01  1.0563035E+01
  8.9388913E-01  1.0567904E+01
  8.9396117E-01  1.0572772E+01
  8.9403316E-01  1.0577639E+01
  8.9410509E-01  1.0582505E+01
  8.9417696E-01  1.0587370E+01
  8.9424877E-01  1.0592234E+01
  8.9432053E-01  1.0597097E+01
  8.9439222E-01  1.0601959E+01
  8.9446387E-01  1.0606820E+01
  8.9453545E-01  1.0611680E+01
  8.9460698E-01  1.0616539E+01
  8.9467845E-01  1.0621397E+01
  8.9474987E-01  1.0626255E+01
  8.9482123E-01  1.0631111E+01
  8.9489253E-01  1.0635966E+01
  8.9496378E-01  1.0640821E+01
  8.9503497E-01  1.0645674E+01
  8.9510611E-01  1.0650527E+01
  8.9517719E-01  1.0655378E+01
  8.9524822E-01  1.0660229E+01
  8.9531919E-01  1.0665079E+01
  8.9539010E-01  1.0669928E+01
  8.9546097E-01  1.0674776E+01
  8.9553177E-01  1.0679623E+01
  8.9560252E-01  1.0684469E+01
  8.9567322E-01  1.0689314E+01
  8.9574386E-01  1.0694158E+01
  8.9581445E-01  1.0699002E+01
  8.9588499E-01  1.0703844E+01
  8.9595547E-01  1.0708685E+01
  8.9602590E-01  1.0713526E+01
  8.9609627E-01  1.0718366E+01
  8.9616659E-01  1.0723205E+01
  8.9623686E-01  1.0728043E+01
  8.9630707E-01  1.0732880E+01
  8.9637723E-01  1.0737716E+01
  8.9644734E-01  1.0742551E+01
  8.9651740E-01  1.0747386E+01
  8.9658740E-01  1.0752219E+01
  8.9665735E-01  1.0757052E+01
  8.9672725E-01  1.0761884E+01
  8.9679709E-01  1.0766715E+01
  8.9686689E-01  1.0771545E+01
  8.9693663E-01  1.0776374E+01
  8.9700632E-01  1.0781202E+01
  8.9707596E-01  1.0786030E+01
  8.9714555E-01  1.0790856E+01
  8.9721508E-01  1.0795682E+01
  8.9728457E-01  1.0800507E+01
  8.9735400E-01  1.0805331E+01
  8.9742338E-01  1.0810154E+01
  8.9749271E-01  1.0814977E+01
  8.9756200E-01  1.0819798E+01
  8.9763123E-01  1.0824619E+01
  8.9770041E-01  1.0829439E+01
  8.9776954E-01  1.0834258E+01
  8.9783862E-01  1.0839076E+01
  8.9790765E-01  1.0843894E+01
  8.9797662E-01  1.0848711E+01
  8.9804556E-01  1.0853526E+01
  8.9811444E-01  1.0858341E+01
  8.9818327E-01  1.0863156E+01
  8.9825205E-01  1.0867969E+01
  8.9832078E-01  1.0872782E+01
  8.9838946E-01  1.0877593E+01
  8.9845810E-01  1.0882404E+01
  8.9852668E-01  1.0887214E+01
  8.9859522E-01  1.0892024E+01
  8.9866371E-01  1.0896832E+01
  8.9873215E-01  1.0901640E+01
  8.9880054E-01  1.0906447E+01
  8.9886888E-01  1.0911253E+01
  8.9893718E-01  1.0916059E+01
  8.9900543E-01  1.0920864E+01
  8.9907363E-01  1.0925668E+01
  8.9914178E-01  1.0930471E+01
  8.9920988E-01  1.0935273E+01
  8.9927794E-01  1.0940075E+01
  8.9934595E-01  1.0944876E+01
  8.9941391E-01  1.0949676E+01
  8.9948183E-01  1.0954475E+01
  8.9954970E-01  1.0959274E+01
  8.9961752E-01  1.0964071E+01
  8.9968529E-01  1.0968869E+01
  8.9975302E-01  1.0973665E+01
  8.9982070E-01  1.0978460E+01
  8.9988834E-01  1.0983255E+01
  8.9995593E-01  1.0988049E+01
  9.0002347E-01  1.0992843E+01
  9.0009097E-01  1.0997636E+01
  9.0015842E-01  1.1002427E+01
  9.0022583E-01  1.1007219E+01
  9.0029319E-01  1.1012009E+01
  9.0036051E-01  1.1016799E+01
  9.0042778E-01  1.1021588E+01
  9.0049500E-01  1.1026376E+01
  9.0056218E-01  1.1031164E+01
  9.0062932E-01  1.1035951E+01
  9.0069641E-01  1.1040737E+01
  9.0076345E-01  1.1045523E+01
  9.0083045E-01  1.1050308E+01
  9.0089741E-01  1.1055092E+01
  9.0096432E-01  1.1059875E+01
  9.0103119E-01  1.1064658E+01
  9.0109801E-01  1.1069440E+01
  9.0116480E-01  1.1074221E+01
  9.0123153E-01  1.1079002E+01
  9.0129822E-01  1.1083782E+01
  9.0136487E-01  1.1088561E+01
  9.0143148E-01  1.1093340E+01
  9.0149804E-01  1.1098118E+01
  9.0156456E-01  1.1102895E+01
  9.0163104E-01  1.1107672E+01
  9.0169747E-01  1.1112448E+01
  9.0176386E-01  1.1117224E+01
  9.0183021E-01  1.1121998E+01
  9.0189651E-01  1.1126772E+01
  9.0196277E-01  1.1131546E+01
  9.0202899E-01  1.1136318E+01
  9.0209517E-01  1.1141091E+01
  9.0216131E-01  1.1145862E+01
  9.0222740E-01  1.1150633E+01
  9.0229345E-01  1.1155403E+01
  9.0235946E-01  1.1160173E+01
  9.0242543E-01  1.1164942E+01
  9.0249135E-01  1.1169710E+01
  9.0255724E-01  1.1174478E+01
  9.0262308E-01  1.1179245E+01
  9.0268888E-01  1.1184011E+01
  9.0275465E-01  1.1188777E+01
  9.0282037E-01  1.1193542E+01
  9.0288604E-01  1.1198307E+01
  9.0295168E-01  1.1203071E+01
  9.0301728E-01  1.1207834E+01
  9.0308284E-01  1.1212597E+01
  9.0314835E-01  1.1217359E+01
  9.0321383E-01  1.1222121E+01
  9.0327927E-01  1.1226882E+01
  9.0334466E-01  1.1231642E+01
  9.0341002E-01  1.1236402E+01
  9.0347533E-01  1.1241161E+01
  9.0354061E-01  1.1245920E+01
  9.0360585E-01  1.1250678E+01
  9.0367104E-01  1.1255436E+01
  9.0373620E-01  1.1260193E+01
  9.0380132E-01  1.1264949E+01
  9.0386640E-01  1.1269705E+01
  9.0393144E-01  1.1274460E+01
  9.0399644E-01  1.1279215E+01
  9.0406140E-01  1.1283969E+01
  9.0412633E-01  1.1288722E+01
  9.0419121E-01  1.1293475E+01
  9.0425606E-01  1.1298228E+01
  9.0432087E-01  1.1302980E+01
  9.0438564E-01  1.1307731E+01
  9.0445037E-01  1.1312482E+01
  9.0451506E-01  1.1317232E+01
  9.0457971E-01  1.1321982E+01
  9.0464433E-01  1.1326731E+01
  9.0470891E-01  1.1331480E+01
  9.0477345E-01  1.1336228E+01
  9.0483796E-01  1.1340976E+01
  9.0490242E-01  1.1345723E+01
  9.0496685E-01  1.1350470E+01
  9.0503125E-01  1.1355216E+01
  9.0509560E-01  1.1359962E+01
  9.0515992E-01  1.1364707E+01
  9.0522420E-01  1.1369451E+01
  9.0528844E-01  1.1374195E+01
  9.0535265E-01  1.1378939E+01
  9.0541682E-01  1.1383682E+01
  9.0548096E-01  1.1388425E+01
  9.0554506E-01  1.1393167E+01
  9.0560912E-01  1.1397908E+01
  9.0567314E-01  1.1402649E+01
  9.0573713E-01  1.1407390E+01
  9.0580109E-01  1.1412130E+01
  9.0586500E-01  1.1416870E+01
  9.0592888E-01  1.1421609E+01
  9.0599273E-01  1.1426348E+01
  9.0605654E-01  1.1431086E+01
  9.0612032E-01  1.1435824E+01
  9.0618406E-01  1.1440561E+01
  9.0624776E-01  1.1445298E+01
  9.0631143E-01  1.1450035E+01
  9.0637507E-01  1.1454771E+01
  9.0643866E-01  1.1459506E+01
  9.0650223E-01  1.1464241E+01
  9.0656576E-01  1.1468976E+01
  9.0662925E-01  1.1473710E+01
  9.0669272E-01  1.1478444E+01
  9.0675614E-01  1.1483177E+01
  9.0681953E-01  1.1487910E+01
  9.0688289E-01  1.1492642E+01
  9.0694622E-01  1.1497374E+01
  9.0700950E-01  1.1502106E+01
  9.0707276E-01  1.1506837E+01
  9.0713598E-01  1.1511568E+01
  9.0719917E-01  1.1516298E+01
  9.0726233E-01  1.1521028E+01
  9.0732545E-01  1.1525758E+01
  9.0738853E-01  1.1530487E+01
  9.0745159E-01  1.1535215E+01
  9.0751461E-01  1.1539944E+01
  9.0757760E-01  1.1544672E+01
  9.0764055E-01  1.1549399E+01
  9.0770348E-01  1.1554126E+01
  9.0776637E-01  1.1558853E+01
  9.0782922E-01  1.1563579E+01
  9.0789205E-01  1.1568305E+01
  9.0795484E-01  1.1573031E+01
  9.0801760E-01  1.1577756E+01
  9.0808032E-01  1.1582481E+01
  9.0814302E-01  1.1587205E+01
  9.0820568E-01  1.1591929E+01
  9.0826831E-01  1.1596653E+01
  9.0833091E-01  1.1601376E+01
  9.0839348E-01  1.1606099E+01
  9.0845601E-01  1.1610822E+01
  9.0851851E-01  1.1615544E+01
  9.0858099E-01  1.1620266E+01
  9.0864343E-01  1.1624987E+01
  9.0870584E-01  1.1629708E+01
  9.0876821E-01  1.1634429E+01
  9.0883056E-01  1.1639150E+01
  9.0889288E-01  1.1643870E+01
  9.0895516E-01  1.1648590E+01
  9.0901742E-01  1.1653309E+01
  9.0907964E-01  1.1658028E+01
  9.0914183E-01  1.1662747E+01
  9.0920399E-01  1.1667466E+01
  9.0926612E-01  1.1672184E+01
  9.0932823E-01  1.1676902E+01
  9.0939030E-01  1.1681619E+01
  9.0945234E-01  1.1686337E+01
  9.0951435E-01  1.1691053E+01
  9.0957633E-01  1.1695770E+01
  9.0963828E-01  1.1700486E+01
  9.0970020E-01  1.1705202E+01
  9.0976209E-01  1.1709918E+01
  9.0982395E-01  1.1714634E+01
  9.0988578E-01  1.1719349E+01
  9.0994759E-01  1.1724063E+01
  9.1000936E-01  1.1728778E+01
  9.1007110E-01  1.1733492E+01
  9.1013282E-01  1.1738206E+01
  9.1019450E-01  1.1742920E+01
  9.1025616E-01  1.1747633E+01
  9.1031779E-01  1.1752347E+01
  9.1037939E-01  1.1757059E+01
  9.1044096E-01  1.1761772E+01
  9.1050250E-01  1.1766484E+01
  9.1056401E-01  1.1771196E+01
  9.1062550E-01  1.1775908E+01
  9.1068696E-01  1.1780620E+01
  9.1074838E-01  1.1785331E+01
  9.1080978E-01  1.1790042E+01
  9.1087116E-01  1.1794753E+01
  9.1093250E-01  1.1799464E+01
  9.1099382E-01  1.1804174E+01
  9.1105511E-01  1.1808884E+01
  9.1111637E-01  1.1813594E+01
  9.1117760E-01  1.1818304E+01
  9.1123881E-01  1.1823013E+01
  9.1129998E-01  1.1827722E+01
  9.1136114E-01  1.1832431E+01
  9.1142226E-01  1.1837140E+01
  9.1148336E-01  1.1841848E+01
  9.1154443E-01  1.1846557E+01
  9.1160547E-01  1.1851265E+01
  9.1166649E-01  1.1855973E+01
  9.1172747E-01  1.1860680E+01
  9.1178844E-01  1.1865388E+01
  9.1184937E-01  1.1870095E+01
  9.1191028E-01  1.1874802E+01
  9.1197117E-01  1.1879509E+01
  9.1203202E-01  1.1884216E+01
  9.1209285E-01  1.1888922E+01
  9.1215366E-01  1.1893629E+01
  9.1221444E-01  1.1898335E+01
  9.1227519E-01  1.1903041E+01
  9.1233591E-01  1.1907746E+01
  9.1239662E-01  1.1912452E+01
  9.1245729E-01  1.1917158E+01
  9.1251794E-01  1.1921863E+01
  9.1257856E-01  1.1926568E+01
  9.1263916E-01  1.1931273E+01
  9.1269974E-01  1.1935978E+01
  9.1276028E-01  1.1940682E+01
  9.1282081E-01  1.1945387E+01
  9.1288130E-01  1.1950091E+01
  9.1294178E-01  1.1954795E+01
  9.1300222E-01  1.1959499E+01
  9.1306265E-01  1.1964203E+01
  9.1312304E-01  1.1968907E+01
  9.1318342E-01  1.1973610E+01
  9.1324377E-01  1.1978314E+01
  9.1330409E-01  1.1983017E+01
  9.1336439E-01  1.1987720E+01
  9.1342467E-01  1.1992423E+01
  9.1348492E-01  1.1997126E+01
  9.1354514E-01  1.2001829E+01
  9.1360535E-01  1.2006532E+01
  9.1366553E-01  1.2011235E+01
  9.1372568E-01  1.2015937E+01
  9.1378581E-01  1.2020640E+01
  9.1384592E-01  1.2025342E+01
  9.1390601E-01  1.2030044E+01
  9.1396607E-01  1.2034746E+01
  9.1402610E-01  1.2039448E+01
  9.1408612E-01  1.2044150E+01
  9.1414611E-01  1.2048852E+01
  9.1420608E-01  1.2053554E+01
  9.1426602E-01  1.2058255E+01
  9.1432594E-01  1.2062957E+01
  9.1438584E-01  1.2067658E+01
  9.1444572E-01  1.2072360E+01
  9.1450557E-01  1.2077061E+01
  9.1456540E-01  1.2081762E+01
  9.1462521E-01  1.2086463E+01
  9.1468499E-01  1.2091165E+01
  9.1474475E-01  1.2095866E+01
  9.1480449E-01  1.2100567E+01
  9.1486421E-01  1.2105268E+01
  9.1492391E-01  1.2109969E+01
  9.1498358E-01  1.2114669E+01
  9.1504323E-01  1.2119370E+01
  9.1510286E-01  1.2124071E+01
  9.1516247E-01  1.2128772E+01
  9.1522205E-01  1.2133472E+01
  9.1528162E-01  1.2138173E+01
  9.1534116E-01  1.2142874E+01
  9.1540068E-01  1.2147574E+01
  9.1546018E-01  1.2152275E+01
  9.1551966E-01  1.2156976E+01
  9.1557912E-01  1.2161676E+01
  9.1563855E-01  1.2166377E+01
  9.1569797E-01  1.2171077E+01
  9.1575736E-01  1.2175778E+01
  9.1581673E-01  1.2180478E+01
  9.1587608E-01  1.2185179E+01
  9.1593541E-01  1.2189879E+01
  9.1599472E-01  1.2194580E+01
  9.1605401E-01  1.2199280E+01
  9.1611328E-01  1.2203981E+01
  9.1617253E-01  1.2208681E+01
  9.1623176E-01  1.2213382E+01
  9.1629097E-01  1.2218082E+01
  9.1635015E-01  1.2222783E+01
  9.1640932E-01  1.2227483E+01
  9.1646847E-01  1.2232184E+01
  9.1652760E-01  1.2236885E+01
  9.1658670E-01  1.2241585E+01
  9.1664579E-01  1.2246286E+01
  9.1670486E-01  1.2250987E+01
  9.1676391E-01  1.2255687E+01
  9.1682294E-01  1.2260388E+01
  9.1688195E-01  1.2265089E+01
  9.1694094E-01  1.2269790E+01
  9.1699991E-01  1.2274491E+01
  9.1705886E-01  1.2279192E+01
  9.1711779E-01  1.2283893E+01
  9.1717670E-01  1.2288594E+01
  9.1723560E-01  1.2293295E+01
  9.1729447E-01  1.2297997E+01
  9.1735333E-01  1.2302698E+01
  9.1741216E-01  1.2307399E+01
  9.1747098E-01  1.2312101E+01
  9.1752978E-01  1.2316803E+01
  9.1758856E-01  1.2321504E+01
  9.1764733E-01  1.2326206E+01
  9.1770607E-01  1.2330908E+01
  9.1776480E-01  1.2335610E+01
  9.1782350E-01  1.2340312E+01
  9.1788219E-01  1.2345014E+01
  9.1794086E-01  1.2349716E+01
  9.1799952E-01  1.2354418E+01
  9.1805815E-01  1.2359121E+01
  9.1811677E-01  1.2363823E+01
  9.1817537E-01  1.2368526E+01
  9.1823395E-01  1.2373228E+01
  9.1829252E-01  1.2377931E+01
  9.1835106E-01  1.2382634E+01
  9.1840959E-01  1.2387337E+01
  9.1846811E-01  1.2392041E+01
  9.1852660E-01  1.2396744E+01
  9.1858508E-01  1.2401447E+01
  9.1864354E-01  1.2406151E+01
  9.1870198E-01  1.2410855E+01
  9.1876041E-01  1.2415559E+01
  9.1881882E-01  1.2420263E+01
  9.1887721E-01  1.2424967E+01
  9.1893559E-01  1.2429671E+01
  9.1899395E-01  1.2434376E+01
  9.1905229E-01  1.2439080E+01
  9.1911062E-01  1.2443785E+01
  9.1916893E-01  1.2448490E+01
  9.1922722E-01  1.2453195E+01
  9.1928550E-01  1.2457901E+01
  9.1934376E-01  1.2462606E+01
  9.1940200E-01  1.2467312E+01
  9.1946023E-01  1.2472017E+01
  9.1951844E-01  1.2476723E+01
  9.1957664E-01  1.2481430E+01
  9.1963482E-01  1.2486136E+01
  9.1969298E-01  1.2490843E+01
  9.1975113E-01  1.2495549E+01
  9.1980927E-01  1.2500256E+01
  9.1986738E-01  1.2504963E+01
  9.1992549E-01  1.2509671E+01
  9.1998357E-01  1.2514378E+01
  9.2004164E-01  1.2519086E+01
  9.2009970E-01  1.2523794E+01
  9.2015774E-01  1.2528502E+01
  9.2021577E-01  1.2533211E+01
  9.2027378E-01  1.2537919E+01
  9.2033178E-01  1.2542628E+01
  9.2038976E-01  1.2547337E+01
  9.2044772E-01  1.2552046E+01
  9.2050567E-01  1.2556756E+01
  9.2056361E-01  1.2561466E+01
  9.2062153E-01  1.2566176E+01
  9.2067944E-01  1.2570886E+01
  9.2073734E-01  1.2575596E+01
  9.2079521E-01  1.2580307E+01
  9.2085308E-01  1.2585018E+01
  9.2091093E-01  1.2589729E+01
  9.2096877E-01  1.2594441E+01
  9.2102659E-01  1.2599152E+01
  9.2108440E-01  1.2603864E+01
  9.2114219E-01  1.2608577E+01
  9.2119997E-01  1.2613289E+01
  9.2125774E-01  1.2618002E+01
  9.2131549E-01  1.2622715E+01
  9.2137323E-01  1.2627428E+01
  9.2143096E-01  1.2632142E+01
  9.2148867E-01  1.2636856E+01
  9.2154637E-01  1.2641570E+01
  9.2160406E-01  1.2646284E+01
  9.2166173E-01  1.2650999E+01
  9.2171939E-01  1.2655714E+01
  9.2177703E-01  1.2660430E+01
  9.2183467E-01  1.2665145E+01
  9.2189229E-01  1.2669861E+01
  9.2194990E-01  1.2674577E+01
  9.2200749E-01  1.2679294E+01
  9.2206507E-01  1.2684011E+01
  9.2212264E-01  1.2688728E+01
  9.2218020E-01  1.2693446E+01
  9.2223774E-01  1.2698163E+01
  9.2229527E-01  1.2702882E+01
  9.2235279E-01  1.2707600E+01
  9.2241030E-01  1.2712319E+01
  9.2246779E-01  1.2717038E+01
  9.2252528E-01  1.2721758E+01
  9.2258275E-01  1.2726477E+01
  9.2264020E-01  1.2731198E+01
  9.2269765E-01  1.2735918E+01
  9.2275508E-01  1.2740639E+01
  9.2281251E-01  1.2745360E+01
  9.2286992E-01  1.2750082E+01
  9.2292732E-01  1.2754804E+01
  9.2298471E-01  1.2759526E+01
  9.2304208E-01  1.2764249E+01
  9.2309945E-01  1.2768972E+01
  9.2315680E-01  1.2773695E+01
  9.2321414E-01  1.2778419E+01
  9.2327147E-01  1.2783143E+01
  9.2332879E-01  1.2787868E+01
  9.2338610E-01  1.2792593E+01
  9.2344340E-01  1.2797318E+01
  9.2350068E-01  1.2802044E+01
  9.2355796E-01  1.2806770E+01
  9.2361522E-01  1.2811496E+01
  9.2367248E-01  1.2816223E+01
  9.2372972E-01  1.2820951E+01
  9.2378695E-01  1.2825678E+01
  9.2384418E-01  1.2830406E+01
  9.2390139E-01  1.2835135E+01
  9.2395859E-01  1.2839864E+01
  9.2401578E-01  1.2844593E+01
  9.2407296E-01  1.2849323E+01
  9.2413013E-01  1.2854053E+01
  9.2418729E-01  1.2858784E+01
  9.2424444E-01  1.2863515E+01
  9.2430158E-01  1.2868246E+01
  9.2435871E-01  1.2872978E+01
  9.2441584E-01  1.2877711E+01
  9.2447295E-01  1.2882443E+01
  9.2453005E-01  1.2887177E+01
  9.2458714E-01  1.2891910E+01
  9.2464422E-01  1.2896644E+01
  9.2470130E-01  1.2901379E+01
  9.2475836E-01  1.2906114E+01
  9.2481541E-01  1.2910850E+01
  9.2487246E-01  1.2915586E+01
  9.2492949E-01  1.2920322E+01
  9.2498652E-01  1.2925059E+01
  9.2504354E-01  1.2929796E+01
  9.2510055E-01  1.2934534E+01
  9.2515754E-01  1.2939272E+01
  9.2521454E-01  1.2944011E+01
  9.2527152E-01  1.2948751E+01
  9.2532849E-01  1.2953490E+01
  9.2538546E-01  1.2958231E+01
  9.2544241E-01  1.2962972E+01
  9.2549936E-01  1.2967713E+01
  9.2555630E-01  1.2972455E+01
  9.2561323E-01  1.2977197E+01
  9.2567015E-01  1.2981940E+01
  9.2572706E-01  1.2986683E+01
  9.2578397E-01  1.2991427E+01
  9.2584087E-01  1.2996171E+01
  9.2589776E-01  1.3000916E+01
  9.2595464E-01  1.3005661E+01
  9.2601151E-01  1.3010407E+01
  9.2606838E-01  1.3015154E+01
  9.2612524E-01  1.3019901E+01
  9.2618209E-01  1.3024648E+01
  9.2623893E-01  1.3029396E+01
  9.2629577E-01  1.3034145E+01
  9.2635260E-01  1.3038894E+01
  9.2640942E-01  1.3043644E+01
  9.2646623E-01  1.3048394E+01
  9.2652304E-01  1.3053145E+01
  9.2657984E-01  1.3057896E+01
  9.2663663E-01  1.3062648E+01
  9.2669341E-01  1.3067401E+01
  9.2675019E-01  1.3072154E+01
  9.2680696E-01  1.3076907E+01
  9.2686373E-01  1.3081661E+01
  9.2692049E-01  1.3086416E+01
  9.2697724E-01  1.3091171E+01
  9.2703398E-01  1.3095927E+01
  9.2709072E-01  1.3100684E+01
  9.2714745E-01  1.3105441E+01
  9.2720417E-01  1.3110199E+01
  9.2726089E-01  1.3114957E+01
  9.2731760E-01  1.3119716E+01
  9.2737431E-01  1.3124475E+01
  9.2743101E-01  1.3129236E+01
  9.2748770E-01  1.3133996E+01
  9.2754439E-01  1.3138758E+01
  9.2760107E-01  1.3143519E+01
  9.2765775E-01  1.3148282E+01
  9.2771442E-01  1.3153045E+01
  9.2777108E-01  1.3157809E+01
  9.2782774E-01  1.3162573E+01
  9.2788439E-01  1.3167339E+01
  9.2794104E-01  1.3172104E+01
  9.2799768E-01  1.3176871E+01
  9.2805431E-01  1.3181638E+01
  9.2811095E-01  1.3186405E+01
  9.2816757E-01  1.3191173E+01
  9.2822419E-01  1.3195942E+01
  9.2828081E-01  1.3200712E+01
  9.2833742E-01  1.3205482E+01
  9.2839402E-01  1.3210253E+01
  9.2845062E-01  1.3215025E+01
  9.2850722E-01  1.3219797E+01
  9.2856381E-01  1.3224570E+01
  9.2862039E-01  1.3229343E+01
  9.2867697E-01  1.3234117E+01
  9.2873355E-01  1.3238892E+01
  9.2879012E-01  1.3243668E+01
  9.2884669E-01  1.3248444E+01
  9.2890325E-01  1.3253221E+01
  9.2895981E-01  1.3257999E+01
  9.2901636E-01  1.3262777E+01
  9.2907291E-01  1.3267556E+01
  9.2912946E-01  1.3272336E+01
  9.2918600E-01  1.3277117E+01
  9.2924254E-01  1.3281898E+01
  9.2929907E-01  1.3286680E+01
  9.2935560E-01  1.3291462E+01
  9.2941213E-01  1.3296246E+01
  9.2946865E-01  1.3301030E+01
  9.2952517E-01  1.3305814E+01
  9.2958168E-01  1.3310600E+01
  9.2963820E-01  1.3315386E+01
  9.2969470E-01  1.3320173E+01
  9.2975121E-01  1.3324961E+01
  9.2980771E-01  1.3329749E+01
  9.2986421E-01  1.3334538E+01
  9.2992070E-01  1.3339328E+01
  9.2997719E-01  1.3344119E+01
  9.3003368E-01  1.3348910E+01
  9.3009017E-01  1.3353703E+01
  9.3014665E-01  1.3358496E+01
  9.3020313E-01  1.3363289E+01
  9.3025961E-01  1.3368084E+01
  9.3031608E-01  1.3372879E+01
  9.3037255E-01  1.3377675E+01
  9.3042902E-01  1.3382472E+01
  9.3048549E-01  1.3387269E+01
  9.3054195E-01  1.3392068E+01
  9.3059841E-01  1.3396867E+01
  9.3065487E-01  1.3401667E+01
  9.3071133E-01  1.3406468E+01
  9.3076778E-01  1.3411269E+01
  9.3082424E-01  1.3416072E+01
  9.3088069E-01  1.3420875E+01
  9.3093713E-01  1.3425679E+01
  9.3099358E-01  1.3430483E+01
  9.3105002E-01  1.3435289E+01
  9.3110647E-01  1.3440095E+01
  9.3116291E-01  1.3444903E+01
  9.3121935E-01  1.3449711E+01
  9.3127579E-01  1.3454520E+01
  9.3133222E-01  1.3459329E+01
  9.3138866E-01  1.3464140E+01
  9.3144509E-01  1.3468951E+01
  9.3150152E-01  1.3473763E+01
  9.3155795E-01  1.3478576E+01
  9.3161438E-01  1.3483390E+01
  9.3167081E-01  1.3488205E+01
  9.3172724E-01  1.3493021E+01
  9.3178366E-01  1.3497837E+01
  9.3184009E-01  1.3502654E+01
  9.3189651E-01  1.3507473E+01
  9.3195293E-01  1.3512292E+01
  9.3200936E-01  1.3517111E+01
  9.3206578E-01  1.3521932E+01
  9.3212220E-01  1.3526754E+01
  9.3217862E-01  1.3531576E+01
  9.3223504E-01  1.3536400E+01
  9.3229146E-01  1.3541224E+01
  9.3234788E-01  1.3546049E+01
  9.3240430E-01  1.3550875E+01
  9.3246072E-01  1.3555702E+01
  9.3251714E-01  1.3560530E+01
  9.3257355E-01  1.3565359E+01
  9.3262997E-01  1.3570189E+01
  9.3268639E-01  1.3575019E+01
  9.3274281E-01  1.3579851E+01
  9.3279923E-01  1.3584683E+01
  9.3285565E-01  1.3589517E+01
  9.3291207E-01  1.3594351E+01
  9.3296849E-01  1.3599186E+01
  9.3302491E-01  1.3604022E+01
  9.3308133E-01  1.3608860E+01
  9.3313775E-01  1.3613698E+01
  9.3319417E-01  1.3618537E+01
  9.3325059E-01  1.3623376E+01
  9.3330701E-01  1.3628217E+01
  9.3336344E-01  1.3633059E+01
  9.3341986E-01  1.3637902E+01
  9.3347629E-01  1.3642746E+01
  9.3353272E-01  1.3647590E+01
  9.3358914E-01  1.3652436E+01
  9.3364557E-01  1.3657282E+01
  9.3370200E-01  1.3662130E+01
  9.3375843E-01  1.3666979E+01
  9.3381487E-01  1.3671828E+01
  9.3387130E-01  1.3676679E+01
  9.3392774E-01  1.3681530E+01
  9.3398417E-01  1.3686383E+01
  9.3404061E-01  1.3691236E+01
  9.3409705E-01  1.3696091E+01
  9.3415349E-01  1.3700946E+01
  9.3420994E-01  1.3705803E+01
  9.3426638E-01  1.3710660E+01
  9.3432283E-01  1.3715519E+01
  9.3437928E-01  1.3720378E+01
  9.3443573E-01  1.3725239E+01
  9.3449219E-01  1.3730100E+01
  9.3454864E-01  1.3734963E+01
  9.3460510E-01  1.3739826E+01
  9.3466156E-01  1.3744691E+01
  9.3471803E-01  1.3749557E+01
  9.3477449E-01  1.3754423E+01
  9.3483096E-01  1.3759291E+01
  9.3488743E-01  1.3764160E+01
  9.3494390E-01  1.3769030E+01
  9.3500038E-01  1.3773900E+01
  9.3505686E-01  1.3778772E+01
  9.3511334E-01  1.3783645E+01
  9.3516982E-01  1.3788519E+01
  9.3522631E-01  1.3793394E+01
  9.3528280E-01  1.3798271E+01
  9.3533930E-01  1.3803148E+01
  9.3539579E-01  1.3808026E+01
  9.3545229E-01  1.3812906E+01
  9.3550880E-01  1.3817786E+01
  9.3556530E-01  1.3822668E+01
  9.3562181E-01  1.3827550E+01
  9.3567833E-01  1.3832434E+01
  9.3573484E-01  1.3837319E+01
  9.3579136E-01  1.3842205E+01
  9.3584789E-01  1.3847092E+01
  9.3590442E-01  1.3851980E+01
  9.3596095E-01  1.3856869E+01
  9.3601749E-01  1.3861760E+01
  9.3607403E-01  1.3866651E+01
  9.3613057E-01  1.3871544E+01
  9.3618712E-01  1.3876438E+01
  9.3624367E-01  1.3881332E+01
  9.3630023E-01  1.3886228E+01
  9.3635679E-01  1.3891126E+01
  9.3641335E-01  1.3896024E+01
  9.3646992E-01  1.3900923E+01
  9.3652650E-01  1.3905824E+01
  9.3658307E-01  1.3910725E+01
  9.3663966E-01  1.3915628E+01
  9.3669625E-01  1.3920532E+01
  9.3675284E-01  1.3925438E+01
  9.3680944E-01  1.3930344E+01
  9.3686604E-01  1.3935251E+01
  9.3692265E-01  1.3940160E+01
  9.3697926E-01  1.3945070E+01
  9.3703587E-01  1.3949981E+01
  9.3709250E-01  1.3954893E+01
  9.3714912E-01  1.3959807E+01
  9.3720576E-01  1.3964721E+01
  9.3726240E-01  1.3969637E+01
  9.3731904E-01  1.3974554E+01
  9.3737569E-01  1.3979472E+01
  9.3743234E-01  1.3984391E+01
  9.3748900E-01  1.3989312E+01
  9.3754567E-01  1.3994234E+01
  9.3760234E-01  1.3999157E+01
  9.3765902E-01  1.4004081E+01
  9.3771570E-01  1.4009006E+01
  9.3777239E-01  1.4013933E+01
  9.3782909E-01  1.4018861E+01
  9.3788579E-01  1.4023790E+01
  9.3794250E-01  1.4028720E+01
  9.3799921E-01  1.4033652E+01
  9.3805593E-01  1.4038585E+01
  9.3811266E-01  1.4043519E+01
  9.3816939E-01  1.4048454E+01
  9.3822613E-01  1.4053391E+01
  9.3828287E-01  1.4058329E+01
  9.3833963E-01  1.4063268E+01
  9.3839638E-01  1.4068208E+01
  9.3845315E-01  1.4073150E+01
  9.3850992E-01  1.4078093E+01
  9.3856670E-01  1.4083037E+01
  9.3862349E-01  1.4087982E+01
  9.3868028E-01  1.4092929E+01
  9.3873708E-01  1.4097877E+01
  9.3879389E-01  1.4102826E+01
  9.3885070E-01  1.4107777E+01
  9.3890752E-01  1.4112729E+01
  9.3896435E-01  1.4117682E+01
  9.3902119E-01  1.4122637E+01
  9.3907803E-01  1.4127592E+01
  9.3913489E-01  1.4132550E+01
  9.3919174E-01  1.4137508E+01
  9.3924861E-01  1.4142468E+01
  9.3930549E-01  1.4147429E+01
  9.3936237E-01  1.4152391E+01
  9.3941926E-01  1.4157355E+01
  9.3947616E-01  1.4162320E+01
  9.3953306E-01  1.4167286E+01
  9.3958997E-01  1.4172254E+01
  9.3964690E-01  1.4177223E+01
  9.3970383E-01  1.4182194E+01
  9.3976077E-01  1.4187166E+01
  9.3981771E-01  1.4192139E+01
  9.3987467E-01  1.4197113E+01
  9.3993163E-01  1.4202089E+01
  9.3998860E-01  1.4207066E+01
  9.4004558E-01  1.4212045E+01
  9.4010257E-01  1.4217025E+01
  9.4015957E-01  1.4222006E+01
  9.4021658E-01  1.4226989E+01
  9.4027359E-01  1.4231973E+01
  9.4033062E-01  1.4236959E+01
  9.4038765E-01  1.4241946E+01
  9.4044469E-01  1.4246934E+01
  9.4050175E-01  1.4251924E+01
  9.4055881E-01  1.4256915E+01
  9.4061588E-01  1.4261907E+01
  9.4067296E-01  1.4266901E+01
  9.4073005E-01  1.4271897E+01
  9.4078714E-01  1.4276893E+01
  9.4084425E-01  1.4281892E+01
  9.4090137E-01  1.4286891E+01
  9.4095850E-01  1.4291892E+01
  9.4101563E-01  1.4296895E+01
  9.4107278E-01  1.4301899E+01
  9.4112994E-01  1.4306904E+01
  9.4118710E-01  1.4311911E+01
  9.4124428E-01  1.4316919E+01
  9.4130146E-01  1.4321929E+01
  9.4135866E-01  1.4326940E+01
  9.4141587E-01  1.4331953E+01
  9.4147308E-01  1.4336967E+01
  9.4153031E-01  1.4341982E+01
  9.4158755E-01  1.4347000E+01
  9.4164480E-01  1.4352018E+01
  9.4170206E-01  1.4357038E+01
  9.4175932E-01  1.4362060E+01
  9.4181660E-01  1.4367083E+01
  9.4187389E-01  1.4372107E+01
  9.4193120E-01  1.4377133E+01
  9.4198851E-01  1.4382160E+01
  9.4204583E-01  1.4387189E+01
  9.4210317E-01  1.4392220E+01
  9.4216051E-01  1.4397252E+01
  9.4221787E-01  1.4402285E+01
  9.4227523E-01  1.4407320E+01
  9.4233261E-01  1.4412357E+01
  9.4239000E-01  1.4417395E+01
  9.4244740E-01  1.4422435E+01
  9.4250482E-01  1.4427476E+01
  9.4256224E-01  1.4432519E+01
  9.4261968E-01  1.4437563E+01
  9.4267713E-01  1.4442609E+01
  9.4273459E-01  1.4447656E+01
  9.4279206E-01  1.4452705E+01
  9.4284954E-01  1.4457755E+01
  9.4290703E-01  1.4462807E+01
  9.4296454E-01  1.4467861E+01
  9.4302206E-01  1.4472916E+01
  9.4307959E-01  1.4477973E+01
  9.4313714E-01  1.4483031E+01
  9.4319469E-01  1.4488091E+01
  9.4325226E-01  1.4493152E+01
  9.4330984E-01  1.4498215E+01
  9.4336743E-01  1.4503280E+01
  9.4342504E-01  1.4508346E+01
  9.4348266E-01  1.4513414E+01
  9.4354029E-01  1.4518483E+01
  9.4359793E-01  1.4523554E+01
  9.4365559E-01  1.4528627E+01
  9.4371326E-01  1.4533701E+01
  9.4377094E-01  1.4538777E+01
  9.4382864E-01  1.4543855E+01
  9.4388635E-01  1.4548934E+01
  9.4394407E-01  1.4554015E+01
  9.4400180E-01  1.4559097E+01
  9.4405955E-01  1.4564181E+01
  9.4411731E-01  1.4569267E+01
  9.4417509E-01  1.4574354E+01
  9.4423288E-01  1.4579443E+01
  9.4429068E-01  1.4584534E+01
  9.4434850E-01  1.4589626E+01
  9.4440633E-01  1.4594720E+01
  9.4446417E-01  1.4599816E+01
  9.4452203E-01  1.4604913E+01
  9.4457990E-01  1.4610012E+01
  9.4463778E-01  1.4615113E+01
  9.4469568E-01  1.4620215E+01
  9.4475360E-01  1.4625319E+01
  9.4481153E-01  1.4630425E+01
  9.4486947E-01  1.4635533E+01
  9.4492742E-01  1.4640642E+01
  9.4498540E-01  1.4645753E+01
  9.4504338E-01  1.4650865E+01
  9.4510138E-01  1.4655980E+01
  9.4515940E-01  1.4661096E+01
  9.4521743E-01  1.4666213E+01
  9.4527547E-01  1.4671333E+01
  9.4533353E-01  1.4676454E+01
  9.4539160E-01  1.4681577E+01
  9.4544969E-01  1.4686701E+01
  9.4550780E-01  1.4691828E+01
  9.4556591E-01  1.4696956E+01
  9.4562405E-01  1.4702086E+01
  9.4568220E-01  1.4707218E+01
  9.4574036E-01  1.4712351E+01
  9.4579854E-01  1.4717486E+01
  9.4585674E-01  1.4722623E+01
  9.4591495E-01  1.4727762E+01
  9.4597318E-01  1.4732902E+01
  9.4603142E-01  1.4738045E+01
  9.4608968E-01  1.4743189E+01
  9.4614795E-01  1.4748334E+01
  9.4620624E-01  1.4753482E+01
  9.4626455E-01  1.4758631E+01
  9.4632287E-01  1.4763783E+01
  9.4638121E-01  1.4768936E+01
  9.4643957E-01  1.4774091E+01
  9.4649794E-01  1.4779247E+01
  9.4655632E-01  1.4784406E+01
  9.4661473E-01  1.4789566E+01
  9.4667315E-01  1.4794728E+01
  9.4673159E-01  1.4799892E+01
  9.4679004E-01  1.4805058E+01
  9.4684851E-01  1.4810225E+01
  9.4690700E-01  1.4815395E+01
  9.4696550E-01  1.4820566E+01
  9.4702402E-01  1.4825739E+01
  9.4708256E-01  1.4830914E+01
  9.4714111E-01  1.4836091E+01
  9.4719968E-01  1.4841270E+01
  9.4725827E-01  1.4846450E+01
  9.4731688E-01  1.4851633E+01
  9.4737550E-01  1.4856817E+01
  9.4743414E-01  1.4862003E+01
  9.4749280E-01  1.4867192E+01
  9.4755148E-01  1.4872382E+01
  9.4761017E-01  1.4877573E+01
  9.4766888E-01  1.4882767E+01
  9.4772761E-01  1.4887963E+01
  9.4778636E-01  1.4893160E+01
  9.4784512E-01  1.4898360E+01
  9.4790391E-01  1.4903561E+01
  9.4796271E-01  1.4908765E+01
  9.4802153E-01  1.4913970E+01
  9.4808036E-01  1.4919177E+01
  9.4813922E-01  1.4924386E+01
  9.4819809E-01  1.4929597E+01
  9.4825699E-01  1.4934810E+01
  9.4831590E-01  1.4940025E+01
  9.4837483E-01  1.4945242E+01
  9.4843377E-01  1.4950461E+01
  9.4849274E-01  1.4955682E+01
  9.4855173E-01  1.4960904E+01
  9.4861073E-01  1.4966129E+01
  9.4866975E-01  1.4971356E+01
  9.4872880E-01  1.4976585E+01
  9.4878786E-01  1.4981815E+01
  9.4884694E-01  1.4987048E+01
  9.4890604E-01  1.4992282E+01
  9.4896516E-01  1.4997519E+01
  9.4902430E-01  1.5002758E+01
  9.4908346E-01  1.5007998E+01
  9.4914263E-01  1.5013241E+01
  9.4920183E-01  1.5018485E+01
  9.4926105E-01  1.5023732E+01
  9.4932028E-01  1.5028981E+01
  9.4937954E-01  1.5034231E+01
  9.4943882E-01  1.5039484E+01
  9.4949811E-01  1.5044739E+01
  9.4955743E-01  1.5049995E+01
  9.4961677E-01  1.5055254E+01
  9.4967612E-01  1.5060515E+01
  9.4973550E-01  1.5065778E+01
  9.4979490E-01  1.5071043E+01
  9.4985432E-01  1.5076310E+01
  9.4991376E-01  1.5081579E+01
  9.4997321E-01  1.5086850E+01
  9.5003269E-01  1.5092123E+01
  9.5009219E-01  1.5097399E+01
  9.5015172E-01  1.5102676E+01
  9.5021126E-01  1.5107955E+01
  9.5027082E-01  1.5113237E+01
  9.5033041E-01  1.5118521E+01
  9.5039001E-01  1.5123806E+01
  9.5044964E-01  1.5129094E+01
  9.5050929E-01  1.5134384E+01
  9.5056895E-01  1.5139676E+01
  9.5062864E-01  1.5144970E+01
  9.5068836E-01  1.5150267E+01
  9.5074809E-01  1.5155565E+01
  9.5080785E-01  1.5160866E+01
  9.5086762E-01  1.5166168E+01
  9.5092742E-01  1.5171473E+01
  9.5098724E-01  1.5176780E+01
  9.5104708E-01  1.5182089E+01
  9.5110695E-01  1.5187400E+01
  9.5116684E-01  1.5192714E+01
  9.5122675E-01  1.5198029E+01
  9.5128668E-01  1.5203347E+01
  9.5134663E-01  1.5208667E+01
  9.5140661E-01  1.5213989E+01
  9.5146660E-01  1.5219314E+01
  9.5152663E-01  1.5224640E+01
  9.5158667E-01  1.5229969E+01
  9.5164674E-01  1.5235299E+01
  9.5170683E-01  1.5240633E+01
  9.5176694E-01  1.5245968E+01
  9.5182707E-01  1.5251305E+01
  9.5188723E-01  1.5256645E+01
  9.5194741E-01  1.5261987E+01
  9.5200762E-01  1.5267331E+01
  9.5206784E-01  1.5272677E+01
  9.5212810E-01  1.5278026E+01
  9.5218837E-01  1.5283377E+01
  9.5224867E-01  1.5288730E+01
  9.5230899E-01  1.5294085E+01
  9.5236934E-01  1.5299442E+01
  9.5242971E-01  1.5304802E+01
  9.5249010E-01  1.5310164E+01
  9.5255051E-01  1.5315529E+01
  9.5261096E-01  1.5320895E+01
  9.5267142E-01  1.5326264E+01
  9.5273191E-01  1.5331635E+01
  9.5279242E-01  1.5337009E+01
  9.5285296E-01  1.5342384E+01
  9.5291352E-01  1.5347762E+01
  9.5297411E-01  1.5353143E+01
  9.5303472E-01  1.5358525E+01
  9.5309536E-01  1.5363910E+01
  9.5315602E-01  1.5369297E+01
  9.5321670E-01  1.5374687E+01
  9.5327741E-01  1.5380079E+01
  9.5333815E-01  1.5385473E+01
  9.5339891E-01  1.5390870E+01
  9.5345969E-01  1.5396268E+01
  9.5352050E-01  1.5401670E+01
  9.5358134E-01  1.5407073E+01
  9.5364220E-01  1.5412479E+01
  9.5370308E-01  1.5417887E+01
  9.5376400E-01  1.5423298E+01
  9.5382493E-01  1.5428711E+01
  9.5388590E-01  1.5434126E+01
  9.5394689E-01  1.5439544E+01
  9.5400790E-01  1.5444964E+01
  9.5406894E-01  1.5450386E+01
  9.5413001E-01  1.5455811E+01
  9.5419110E-01  1.5461239E+01
  9.5425222E-01  1.5466668E+01
  9.5431337E-01  1.5472100E+01
  9.5437454E-01  1.5477535E+01
  9.5443573E-01  1.5482972E+01
  9.5449696E-01  1.5488411E+01
  9.5455821E-01  1.5493853E+01
  9.5461949E-01  1.5499297E+01
  9.5468079E-01  1.5504743E+01
  9.5474212E-01  1.5510192E+01
  9.5480348E-01  1.5515644E+01
  9.5486487E-01  1.5521098E+01
  9.5492628E-01  1.5526554E+01
  9.5498772E-01  1.5532013E+01
  9.5504919E-01  1.5537474E+01
  9.5511068E-01  1.5542938E+01
  9.5517220E-01  1.5548404E+01
  9.5523375E-01  1.5553873E+01
  9.5529533E-01  1.5559344E+01
  9.5535693E-01  1.5564818E+01
  9.5541856E-01  1.5570294E+01
  9.5548022E-01  1.5575773E+01
  9.5554191E-01  1.5581254E+01
  9.5560363E-01  1.5586737E+01
  9.5566537E-01  1.5592224E+01
  9.5572714E-01  1.5597712E+01
  9.5578894E-01  1.5603204E+01
  9.5585077E-01  1.5608697E+01
  9.5591263E-01  1.5614194E+01
  9.5597451E-01  1.5619692E+01
  9.5603643E-01  1.5625194E+01
  9.5609837E-01  1.5630698E+01
  9.5616034E-01  1.5636204E+01
  9.5622234E-01  1.5641713E+01
  9.5628437E-01  1.5647225E+01
  9.5634643E-01  1.5652739E+01
  9.5640852E-01  1.5658256E+01
  9.5647063E-01  1.5663775E+01
  9.5653278E-01  1.5669297E+01
  9.5659495E-01  1.5674821E+01
  9.5665716E-01  1.5680349E+01
  9.5671939E-01  1.5685878E+01
  9.5678166E-01  1.5691411E+01
  9.5684395E-01  1.5696945E+01
  9.5690628E-01  1.5702483E+01
  9.5696863E-01  1.5708023E+01
  9.5703101E-01  1.5713566E+01
  9.5709343E-01  1.5719111E+01
  9.5715587E-01  1.5724659E+01
  9.5721834E-01  1.5730210E+01
  9.5728085E-01  1.5735763E+01
  9.5734338E-01  1.5741319E+01
  9.5740595E-01  1.5746878E+01
  9.5746854E-01  1.5752439E+01
  9.5753117E-01  1.5758003E+01
  9.5759383E-01  1.5763570E+01
  9.5765652E-01  1.5769139E+01
  9.5771923E-01  1.5774711E+01
  9.5778198E-01  1.5780286E+01
  9.5784477E-01  1.5785863E+01
  9.5790758E-01  1.5791443E+01
  9.5797042E-01  1.5797026E+01
  9.5803330E-01  1.5802611E+01
  9.5809620E-01  1.5808200E+01
  9.5815914E-01  1.5813791E+01
  9.5822211E-01  1.5819384E+01
  9.5828511E-01  1.5824981E+01
  9.5834815E-01  1.5830580E+01
  9.5841121E-01  1.5836182E+01
  9.5847431E-01  1.5841786E+01
  9.5853744E-01  1.5847393E+01
  9.5860060E-01  1.5853004E+01
  9.5866380E-01  1.5858616E+01
  9.5872702E-01  1.5864232E+01
  9.5879028E-01  1.5869851E+01
  9.5885358E-01  1.5875472E+01
  9.5891690E-01  1.5881096E+01
  9.5898026E-01  1.5886723E+01
  9.5904365E-01  1.5892352E+01
  9.5910707E-01  1.5897984E+01
  9.5917053E-01  1.5903620E+01
  9.5923402E-01  1.5909258E+01
  9.5929754E-01  1.5914898E+01
  9.5936109E-01  1.5920542E+01
  9.5942468E-01  1.5926189E+01
  9.5948831E-01  1.5931838E+01
  9.5955196E-01  1.5937490E+01
  9.5961565E-01  1.5943145E+01
  9.5967938E-01  1.5948803E+01
  9.5974313E-01  1.5954464E+01
  9.5980693E-01  1.5960127E+01
  9.5987075E-01  1.5965794E+01
  9.5993461E-01  1.5971463E+01
  9.5999851E-01  1.5977135E+01
  9.6006244E-01  1.5982810E+01
  9.6012640E-01  1.5988488E+01
  9.6019040E-01  1.5994169E+01
  9.6025443E-01  1.5999853E+01
  9.6031850E-01  1.6005539E+01
  9.6038260E-01  1.6011229E+01
  9.6044673E-01  1.6016921E+01
  9.6051091E-01  1.6022617E+01
  9.6057511E-01  1.6028315E+01
  9.6063935E-01  1.6034017E+01
  9.6070363E-01  1.6039721E+01
  9.6076795E-01  1.6045428E+01
  9.6083229E-01  1.6051138E+01
  9.6089668E-01  1.6056851E+01
  9.6096110E-01  1.6062567E+01
  9.6102555E-01  1.6068286E+01
  9.6109004E-01  1.6074008E+01
  9.6115457E-01  1.6079733E+01
  9.6121914E-01  1.6085461E+01
  9.6128373E-01  1.6091192E+01
  9.6134837E-01  1.6096926E+01
  9.6141304E-01  1.6102663E+01
  9.6147775E-01  1.6108403E+01
  9.6154250E-01  1.6114146E+01
  9.6160728E-01  1.6119892E+01
  9.6167210E-01  1.6125641E+01
  9.6173695E-01  1.6131393E+01
  9.6180185E-01  1.6137148E+01
  9.6186678E-01  1.6142906E+01
  9.6193174E-01  1.6148667E+01
  9.6199675E-01  1.6154432E+01
  9.6206179E-01  1.6160199E+01
  9.6212687E-01  1.6165969E+01
  9.6219199E-01  1.6171743E+01
  9.6225714E-01  1.6177519E+01
  9.6232233E-01  1.6183299E+01
  9.6238756E-01  1.6189082E+01
  9.6245283E-01  1.6194868E+01
  9.6251814E-01  1.6200657E+01
  9.6258348E-01  1.6206449E+01
  9.6264886E-01  1.6212244E+01
  9.6271429E-01  1.6218042E+01
  9.6277974E-01  1.6223843E+01
  9.6284524E-01  1.6229648E+01
  9.6291078E-01  1.6235456E+01
  9.6297636E-01  1.6241266E+01
  9.6304197E-01  1.6247080E+01
  9.6310762E-01  1.6252898E+01
  9.6317332E-01  1.6258718E+01
  9.6323905E-01  1.6264541E+01
  9.6330482E-01  1.6270368E+01
  9.6337063E-01  1.6276198E+01
  9.6343648E-01  1.6282031E+01
  9.6350237E-01  1.6287867E+01
  9.6356830E-01  1.6293706E+01
  9.6363427E-01  1.6299549E+01
  9.6370028E-01  1.6305395E+01
  9.6376633E-01  1.6311244E+01
  9.6383242E-01  1.6317096E+01
  9.6389855E-01  1.6322952E+01
  9.6396472E-01  1.6328810E+01
  9.6403093E-01  1.6334672E+01
  9.6409718E-01  1.6340538E+01
  9.6416347E-01  1.6346406E+01
  9.6422980E-01  1.6352278E+01
  9.6429618E-01  1.6358153E+01
  9.6436259E-01  1.6364031E+01
  9.6442905E-01  1.6369913E+01
  9.6449554E-01  1.6375798E+01
  9.6456208E-01  1.6381686E+01
  9.6462866E-01  1.6387577E+01
  9.6469528E-01  1.6393472E+01
  9.6476194E-01  1.6399370E+01
  9.6482865E-01  1.6405271E+01
  9.6489539E-01  1.6411176E+01
  9.6496218E-01  1.6417084E+01
  9.6502901E-01  1.6422996E+01
  9.6509589E-01  1.6428910E+01
  9.6516280E-01  1.6434828E+01
  9.6522976E-01  1.6440750E+01
  9.6529676E-01  1.6446675E+01
  9.6536380E-01  1.6452603E+01
  9.6543089E-01  1.6458534E+01
  9.6549801E-01  1.6464469E+01
  9.6556519E-01  1.6470408E+01
  9.6563240E-01  1.6476349E+01
  9.6569966E-01  1.6482294E+01
  9.6576696E-01  1.6488243E+01
  9.6583430E-01  1.6494195E+01
  9.6590169E-01  1.6500150E+01
  9.6596912E-01  1.6506109E+01
  9.6603660E-01  1.6512071E+01
  9.6610411E-01  1.6518037E+01
  9.6617168E-01  1.6524006E+01
  9.6623928E-01  1.6529979E+01
  9.6630693E-01  1.6535955E+01
  9.6637463E-01  1.6541934E+01
  9.6644237E-01  1.6547917E+01
  9.6651015E-01  1.6553904E+01
  9.6657798E-01  1.6559893E+01
  9.6664586E-01  1.6565887E+01
  9.6671378E-01  1.6571884E+01
  9.6678174E-01  1.6577884E+01
  9.6684975E-01  1.6583888E+01
  9.6691780E-01  1.6589896E+01
  9.6698590E-01  1.6595907E+01
  9.6705405E-01  1.6601921E+01
  9.6712224E-01  1.6607939E+01
  9.6719047E-01  1.6613961E+01
  9.6725875E-01  1.6619986E+01
  9.6732708E-01  1.6626015E+01
  9.6739546E-01  1.6632047E+01
  9.6746388E-01  1.6638083E+01
  9.6753234E-01  1.6644122E+01
  9.6760086E-01  1.6650165E+01
  9.6766941E-01  1.6656212E+01
  9.6773802E-01  1.6662262E+01
  9.6780667E-01  1.6668316E+01
  9.6787537E-01  1.6674374E+01
  9.6794412E-01  1.6680435E+01
  9.6801291E-01  1.6686499E+01
  9.6808175E-01  1.6692568E+01
  9.6815064E-01  1.6698640E+01
  9.6821958E-01  1.6704715E+01
  9.6828856E-01  1.6710795E+01
  9.6835759E-01  1.6716877E+01
  9.6842667E-01  1.6722964E+01
  9.6849580E-01  1.6729054E+01
  9.6856497E-01  1.6735148E+01
  9.6863420E-01  1.6741246E+01
  9.6870347E-01  1.6747347E+01
  9.6877279E-01  1.6753452E+01
  9.6884215E-01  1.6759561E+01
  9.6891157E-01  1.6765674E+01
  9.6898104E-01  1.6771790E+01
  9.6905055E-01  1.6777910E+01
  9.6912012E-01  1.6784034E+01
  9.6918973E-01  1.6790161E+01
  9.6925939E-01  1.6796292E+01
  9.6932910E-01  1.6802427E+01
  9.6939887E-01  1.6808566E+01
  9.6946868E-01  1.6814709E+01
  9.6953854E-01  1.6820855E+01
  9.6960845E-01  1.6827005E+01
  9.6967841E-01  1.6833159E+01
  9.6974842E-01  1.6839316E+01
  9.6981848E-01  1.6845478E+01
  9.6988859E-01  1.6851643E+01
  9.6995876E-01  1.6857812E+01
  9.7002897E-01  1.6863985E+01
  9.7009923E-01  1.6870162E+01
  9.7016955E-01  1.6876343E+01
  9.7023991E-01  1.6882527E+01
  9.7031033E-01  1.6888716E+01
  9.7038080E-01  1.6894908E+01
  9.7045132E-01  1.6901104E+01
  9.7052189E-01  1.6907304E+01
  9.7059252E-01  1.6913508E+01
  9.7066319E-01  1.6919716E+01
  9.7073392E-01  1.6925928E+01
  9.7080470E-01  1.6932143E+01
  9.7087553E-01  1.6938363E+01
  9.7094641E-01  1.6944586E+01
  9.7101735E-01  1.6950814E+01
  9.7108834E-01  1.6957045E+01
  9.7115938E-01  1.6963280E+01
  9.7123048E-01  1.6969520E+01
  9.7130162E-01  1.6975763E+01
  9.7137283E-01  1.6982010E+01
  9.7144408E-01  1.6988261E+01
  9.7151539E-01  1.6994516E+01
  9.7158675E-01  1.7000776E+01
  9.7165817E-01  1.7007039E+01
  9.7172963E-01  1.7013306E+01
  9.7180116E-01  1.7019577E+01
  9.7187273E-01  1.7025852E+01
  9.7194437E-01  1.7032132E+01
  9.7201605E-01  1.7038415E+01
  9.7208779E-01  1.7044702E+01
  9.7215959E-01  1.7050994E+01
  9.7223144E-01  1.7057289E+01
  9.7230334E-01  1.7063589E+01
  9.7237530E-01  1.7069893E+01
  9.7244732E-01  1.7076200E+01
  9.7251939E-01  1.7082512E+01
  9.7259151E-01  1.7088828E+01
  9.7266370E-01  1.7095148E+01
  9.7273593E-01  1.7101472E+01
  9.7280823E-01  1.7107801E+01
  9.7288058E-01  1.7114133E+01
  9.7295298E-01  1.7120470E+01
  9.7302545E-01  1.7126810E+01
  9.7309796E-01  1.7133155E+01
  9.7317054E-01  1.7139504E+01
  9.7324317E-01  1.7145858E+01
  9.7331586E-01  1.7152215E+01
  9.7338861E-01  1.7158577E+01
  9.7346141E-01  1.7164943E+01
  9.7353427E-01  1.7171313E+01
  9.7360719E-01  1.7177687E+01
  9.7368016E-01  1.7184065E+01
  9.7375320E-01  1.7190448E+01
  9.7382629E-01  1.7196835E+01
  9.7389944E-01  1.7203226E+01
  9.7397265E-01  1.7209622E+01
  9.7404591E-01  1.7216021E+01
  9.7411924E-01  1.7222425E+01
  9.7419262E-01  1.7228834E+01
  9.7426606E-01  1.7235246E+01
  9.7433956E-01  1.7241663E+01
  9.7441312E-01  1.7248084E+01
  9.7448674E-01  1.7254510E+01
  9.7456042E-01  1.7260939E+01
  9.7463416E-01  1.7267374E+01
  9.7470796E-01  1.7273812E+01
  9.7478181E-01  1.7280255E+01
  9.7485573E-01  1.7286702E+01
  9.7492971E-01  1.7293153E+01
  9.7500375E-01  1.7299609E+01
  9.7507785E-01  1.7306070E+01
  9.7515201E-01  1.7312534E+01
  9.7522623E-01  1.7319003E+01
  9.7530051E-01  1.7325477E+01
  9.7537485E-01  1.7331955E+01
  9.7544925E-01  1.7338437E+01
  9.7552372E-01  1.7344924E+01
  9.7559824E-01  1.7351415E+01
  9.7567283E-01  1.7357911E+01
  9.7574748E-01  1.7364411E+01
  9.7582219E-01  1.7370915E+01
  9.7589697E-01  1.7377424E+01
  9.7597180E-01  1.7383938E+01
  9.7604670E-01  1.7390456E+01
  9.7612166E-01  1.7396978E+01
  9.7619669E-01  1.7403505E+01
  9.7627177E-01  1.7410037E+01
  9.7634692E-01  1.7416573E+01
  9.7642214E-01  1.7423114E+01
  9.7649741E-01  1.7429659E+01
  9.7657275E-01  1.7436208E+01
  9.7664816E-01  1.7442763E+01
  9.7672362E-01  1.7449322E+01
  9.7679916E-01  1.7455885E+01
  9.7687475E-01  1.7462453E+01
  9.7695041E-01  1.7469026E+01
  9.7702614E-01  1.7475603E+01
  9.7710193E-01  1.7482185E+01
  9.7717778E-01  1.7488771E+01
  9.7725370E-01  1.7495362E+01
  9.7732969E-01  1.7501958E+01
  9.7740574E-01  1.7508558E+01
  9.7748185E-01  1.7515163E+01
  9.7755803E-01  1.7521773E+01
  9.7763428E-01  1.7528387E+01
  9.7771060E-01  1.7535006E+01
  9.7778697E-01  1.7541630E+01
  9.7786342E-01  1.7548259E+01
  9.7793993E-01  1.7554892E+01
  9.7801651E-01  1.7561530E+01
  9.7809316E-01  1.7568172E+01
  9.7816987E-01  1.7574820E+01
  9.7824665E-01  1.7581472E+01
  9.7832350E-01  1.7588129E+01
  9.7840041E-01  1.7594790E+01
  9.7847740E-01  1.7601457E+01
  9.7855445E-01  1.7608128E+01
  9.7863157E-01  1.7614804E+01
  9.7870875E-01  1.7621485E+01
  9.7878601E-01  1.7628170E+01
  9.7886333E-01  1.7634861E+01
  9.7894072E-01  1.7641556E+01
  9.7901819E-01  1.7648256E+01
  9.7909572E-01  1.7654961E+01
  9.7917332E-01  1.7661671E+01
  9.7925099E-01  1.7668386E+01
  9.7932873E-01  1.7675106E+01
  9.7940653E-01  1.7681830E+01
  9.7948441E-01  1.7688559E+01
  9.7956236E-01  1.7695294E+01
  9.7964038E-01  1.7702033E+01
  9.7971847E-01  1.7708777E+01
  9.7979663E-01  1.7715526E+01
  9.7987486E-01  1.7722280E+01
  9.7995317E-01  1.7729039E+01
  9.8003154E-01  1.7735803E+01
  9.8010999E-01  1.7742572E+01
  9.8018850E-01  1.7749346E+01
  9.8026709E-01  1.7756125E+01
  9.8034575E-01  1.7762909E+01
  9.8042448E-01  1.7769698E+01
  9.8050329E-01  1.7776492E+01
  9.8058217E-01  1.7783291E+01
  9.8066112E-01  1.7790096E+01
  9.8074014E-01  1.7796905E+01
  9.8081924E-01  1.7803719E+01
  9.8089841E-01  1.7810538E+01
  9.8097765E-01  1.7817363E+01
  9.8105697E-01  1.7824192E+01
  9.8113636E-01  1.7831027E+01
  9.8121582E-01  1.7837867E+01
  9.8129536E-01  1.7844712E+01
  9.8137497E-01  1.7851562E+01
  9.8145466E-01  1.7858417E+01
  9.8153443E-01  1.7865277E+01
  9.8161426E-01  1.7872143E+01
  9.8169418E-01  1.7879013E+01
  9.8177416E-01  1.7885889E+01
  9.8185423E-01  1.7892770E+01
  9.8193437E-01  1.7899656E+01
  9.8201458E-01  1.7906548E+01
  9.8209487E-01  1.7913445E+01
  9.8217524E-01  1.7920347E+01
  9.8225569E-01  1.7927254E+01
  9.8233621E-01  1.7934166E+01
  9.8241681E-01  1.7941084E+01
  9.8249748E-01  1.7948007E+01
  9.8257824E-01  1.7954936E+01
  9.8265907E-01  1.7961869E+01
  9.8273997E-01  1.7968808E+01
  9.8282096E-01  1.7975752E+01
  9.8290202E-01  1.7982702E+01
  9.8298317E-01  1.7989657E+01
  9.8306439E-01  1.7996617E+01
  9.8314569E-01  1.8003583E+01
  9.8322707E-01  1.8010554E+01
  9.8330852E-01  1.8017531E+01
  9.8339006E-01  1.8024513E+01
  9.8347168E-01  1.8031500E+01
  9.8355338E-01  1.8038493E+01
  9.8363515E-01  1.8045491E+01
  9.8371701E-01  1.8052494E+01
  9.8379895E-01  1.8059504E+01
  9.8388096E-01  1.8066518E+01
  9.8396306E-01  1.8073538E+01
  9.8404524E-01  1.8080564E+01
  9.8412750E-01  1.8087595E+01
  9.8420985E-01  1.8094631E+01
  9.8429227E-01  1.8101673E+01
  9.8437478E-01  1.8108721E+01
  9.8445737E-01  1.8115774E+01
  9.8454004E-01  1.8122833E+01
  9.8462279E-01  1.8129897E+01
  9.8470563E-01  1.8136967E+01
  9.8478854E-01  1.8144042E+01
  9.8487155E-01  1.8151123E+01
  9.8495463E-01  1.8158210E+01
  9.8503780E-01  1.8165302E+01
  9.8512105E-01  1.8172400E+01
  9.8520439E-01  1.8179504E+01
  9.8528781E-01  1.8186613E+01
  9.8537132E-01  1.8193728E+01
  9.8545491E-01  1.8200848E+01
  9.8553858E-01  1.8207975E+01
  9.8562235E-01  1.8215107E+01
  9.8570619E-01  1.8222244E+01
  9.8579012E-01  1.8229388E+01
  9.8587414E-01  1.8236537E+01
  9.8595824E-01  1.8243692E+01
  9.8604243E-01  1.8250853E+01
  9.8612671E-01  1.8258019E+01
  9.8621107E-01  1.8265191E+01
  9.8629553E-01  1.8272369E+01
  9.8638006E-01  1.8279553E+01
  9.8646469E-01  1.8286743E+01
  9.8654940E-01  1.8293939E+01
  9.8663420E-01  1.8301140E+01
  9.8671909E-01  1.8308347E+01
  9.8680407E-01  1.8315560E+01
  9.8688913E-01  1.8322779E+01
  9.8697429E-01  1.8330004E+01
  9.8705953E-01  1.8337235E+01
  9.8714487E-01  1.8344472E+01
  9.8723029E-01  1.8351715E+01
  9.8731580E-01  1.8358963E+01
  9.8740141E-01  1.8366218E+01
  9.8748710E-01  1.8373478E+01
  9.8757288E-01  1.8380745E+01
  9.8765876E-01  1.8388017E+01
  9.8774472E-01  1.8395296E+01
  9.8783078E-01  1.8402581E+01
  9.8791693E-01  1.8409871E+01
  9.8800317E-01  1.8417168E+01
  9.8808950E-01  1.8424471E+01
  9.8817592E-01  1.8431779E+01
  9.8826244E-01  1.8439094E+01
  9.8834905E-01  1.8446415E+01
  9.8843575E-01  1.8453742E+01
  9.8852255E-01  1.8461076E+01
  9.8860944E-01  1.8468415E+01
  9.8869642E-01  1.8475760E+01
  9.8878350E-01  1.8483112E+01
  9.8887067E-01  1.8490470E+01
  9.8895794E-01  1.8497834E+01
  9.8904530E-01  1.8505204E+01
  9.8913276E-01  1.8512581E+01
  9.8922031E-01  1.8519963E+01
  9.8930796E-01  1.8527352E+01
  9.8939570E-01  1.8534747E+01
  9.8948354E-01  1.8542149E+01
  9.8957147E-01  1.8549557E+01
  9.8965951E-01  1.8556971E+01
  9.8974763E-01  1.8564391E+01
  9.8983586E-01  1.8571818E+01
  9.8992418E-01  1.8579251E+01
  9.9001261E-01  1.8586690E+01
  9.9010113E-01  1.8594136E+01
  9.9018974E-01  1.8601588E+01
  9.9027846E-01  1.8609046E+01
  9.9036727E-01  1.8616511E+01
  9.9045619E-01  1.8623982E+01
  9.9054520E-01  1.8631460E+01
  9.9063431E-01  1.8638944E+01
  9.9072353E-01  1.8646435E+01
  9.9081284E-01  1.8653932E+01
  9.9090225E-01  1.8661436E+01
  9.9099177E-01  1.8668946E+01
  9.9108138E-01  1.8676462E+01
  9.9117110E-01  1.8683985E+01
  9.9126091E-01  1.8691515E+01
  9.9135083E-01  1.8699051E+01
  9.9144085E-01  1.8706594E+01
  9.9153098E-01  1.8714143E+01
  9.9162121E-01  1.8721699E+01
  9.9171153E-01  1.8729262E+01
  9.9180197E-01  1.8736831E+01
  9.9189250E-01  1.8744407E+01
  9.9198314E-01  1.8751989E+01
  9.9207389E-01  1.8759579E+01
  9.9216474E-01  1.8767174E+01
  9.9225569E-01  1.8774777E+01
  9.9234675E-01  1.8782386E+01
  9.9243791E-01  1.8790002E+01
  9.9252918E-01  1.8797625E+01
  9.9262056E-01  1.8805255E+01
  9.9271204E-01  1.8812891E+01
  9.9280362E-01  1.8820534E+01
  9.9289532E-01  1.8828184E+01
  9.9298712E-01  1.8835841E+01
  9.9307903E-01  1.8843504E+01
  9.9317105E-01  1.8851174E+01
  9.9326317E-01  1.8858852E+01
  9.9335540E-01  1.8866536E+01
  9.9344774E-01  1.8874227E+01
  9.9354020E-01  1.8881925E+01
  9.9363275E-01  1.8889630E+01
  9.9372542E-01  1.8897341E+01
  9.9381820E-01  1.8905060E+01
  9.9391109E-01  1.8912786E+01
  9.9400409E-01  1.8920519E+01
  9.9409720E-01  1.8928258E+01
  9.9419042E-01  1.8936005E+01
  9.9428376E-01  1.8943759E+01
  9.9437720E-01  1.8951520E+01
  9.9447076E-01  1.8959287E+01
  9.9456443E-01  1.8967062E+01
  9.9465821E-01  1.8974844E+01
  9.9475210E-01  1.8982634E+01
  9.9484611E-01  1.8990430E+01
  9.9494023E-01  1.8998233E+01
  9.9503447E-01  1.9006044E+01
  9.9512882E-01  1.9013862E+01
  9.9522328E-01  1.9021687E+01
  9.9531786E-01  1.9029519E+01
  9.9541256E-01  1.9037358E+01
  9.9550737E-01  1.9045205E+01
  9.9560229E-01  1.9053059E+01
  9.9569734E-01  1.9060920E+01
  9.9579250E-01  1.9068788E+01
  9.9588777E-01  1.9076664E+01
  9.9598317E-01  1.9084547E+01
  9.9607868E-01  1.9092438E+01
  9.9617431E-01  1.9100335E+01
  9.9627006E-01  1.9108241E+01
  9.9636592E-01  1.9116153E+01
  9.9646191E-01  1.9124073E+01
  9.9655802E-01  1.9132001E+01
  9.9665424E-01  1.9139935E+01
  9.9675059E-01  1.9147878E+01
  9.9684705E-01  1.9155827E+01
  9.9694364E-01  1.9163785E+01
  9.9704035E-01  1.9171749E+01
  9.9713718E-01  1.9179722E+01
  9.9723413E-01  1.9187702E+01
  9.9733120E-01  1.9195689E+01
  9.9742840E-01  1.9203684E+01
  9.9752572E-01  1.9211687E+01
  9.9762316E-01  1.9219697E+01
  9.9772073E-01  1.9227715E+01
  9.9781842E-01  1.9235740E+01
  9.9791623E-01  1.9243773E+01
  9.9801417E-01  1.9251814E+01
  9.9811224E-01  1.9259863E+01
  9.9821043E-01  1.9267919E+01
  9.9830874E-01  1.9275983E+01
  9.9840718E-01  1.9284055E+01
  9.9850575E-01  1.9292134E+01
  9.9860445E-01  1.9300222E+01
  9.9870328E-01  1.9308317E+01
  9.9880223E-01  1.9316420E+01
  9.9890131E-01  1.9324531E+01
  9.9900052E-01  1.9332649E+01
  9.9909985E-01  1.9340776E+01
  9.9919932E-01  1.9348910E+01
  9.9929892E-01  1.9357053E+01
  9.9939865E-01  1.9365203E+01
  9.9949850E-01  1.9373362E+01
  9.9959849E-01  1.9381528E+01
