# PC-SAFT-Titan -- Daniel Cordier
# https://www.researchgate.net/profile/Daniel_Cordier
# http://orcid.org/0000-0003-4515-6271
#
# Computation date: 07/07/2021 -- 20h 09min 43s
# Temperature:   110.00 K
# Species 1: N2    
# Species 2: CH4   
#
# xN2 (liq)      P (bar)      
  1.0000000E-04  8.8292028E-01
  4.3307769E-04  8.9081927E-01
  7.6615539E-04  8.9871217E-01
  1.0992331E-03  9.0659896E-01
  1.4323108E-03  9.1447967E-01
  1.7653885E-03  9.2235430E-01
  2.0984662E-03  9.3022284E-01
  2.4315438E-03  9.3808532E-01
  2.7646215E-03  9.4594172E-01
  3.0976992E-03  9.5379207E-01
  3.4307769E-03  9.6163636E-01
  3.7638546E-03  9.6947460E-01
  4.0969323E-03  9.7730679E-01
  4.4300100E-03  9.8513295E-01
  4.7630877E-03  9.9295308E-01
  5.0961654E-03  1.0007672E+00
  5.4292431E-03  1.0085753E+00
  5.7623208E-03  1.0163773E+00
  6.0953985E-03  1.0241734E+00
  6.4284762E-03  1.0319634E+00
  6.7615539E-03  1.0397475E+00
  7.0946315E-03  1.0475256E+00
  7.4277092E-03  1.0552976E+00
  7.7607869E-03  1.0630637E+00
  8.0938646E-03  1.0708239E+00
  8.4269423E-03  1.0785780E+00
  8.7600200E-03  1.0863262E+00
  9.0930977E-03  1.0940685E+00
  9.4261754E-03  1.1018048E+00
  9.7592531E-03  1.1095352E+00
  1.0092331E-02  1.1172596E+00
  1.0425408E-02  1.1249781E+00
  1.0758486E-02  1.1326906E+00
  1.1091564E-02  1.1403973E+00
  1.1424642E-02  1.1480980E+00
  1.1757719E-02  1.1557928E+00
  1.2090797E-02  1.1634818E+00
  1.2423875E-02  1.1711648E+00
  1.2756952E-02  1.1788419E+00
  1.3090030E-02  1.1865132E+00
  1.3423108E-02  1.1941786E+00
  1.3756185E-02  1.2018381E+00
  1.4089263E-02  1.2094917E+00
  1.4422341E-02  1.2171395E+00
  1.4755418E-02  1.2247815E+00
  1.5088496E-02  1.2324176E+00
  1.5421574E-02  1.2400478E+00
  1.5754652E-02  1.2476722E+00
  1.6087729E-02  1.2552908E+00
  1.6420807E-02  1.2629036E+00
  1.6753885E-02  1.2705106E+00
  1.7086962E-02  1.2781117E+00
  1.7420040E-02  1.2857070E+00
  1.7753118E-02  1.2932966E+00
  1.8086195E-02  1.3008803E+00
  1.8419273E-02  1.3084583E+00
  1.8752351E-02  1.3160305E+00
  1.9085428E-02  1.3235969E+00
  1.9418506E-02  1.3311576E+00
  1.9751584E-02  1.3387124E+00
  2.0084662E-02  1.3462616E+00
  2.0417739E-02  1.3538049E+00
  2.0750817E-02  1.3613426E+00
  2.1083895E-02  1.3688745E+00
  2.1416972E-02  1.3764006E+00
  2.1750050E-02  1.3839211E+00
  2.2083128E-02  1.3914358E+00
  2.2416205E-02  1.3989448E+00
  2.2749283E-02  1.4064481E+00
  2.3082361E-02  1.4139457E+00
  2.3415438E-02  1.4214376E+00
  2.3748516E-02  1.4289238E+00
  2.4081594E-02  1.4364044E+00
  2.4414672E-02  1.4438792E+00
  2.4747749E-02  1.4513484E+00
  2.5080827E-02  1.4588119E+00
  2.5413905E-02  1.4662698E+00
  2.5746982E-02  1.4737220E+00
  2.6080060E-02  1.4811686E+00
  2.6413138E-02  1.4886095E+00
  2.6746215E-02  1.4960448E+00
  2.7079293E-02  1.5034744E+00
  2.7412371E-02  1.5108985E+00
  2.7745448E-02  1.5183169E+00
  2.8078526E-02  1.5257297E+00
  2.8411604E-02  1.5331369E+00
  2.8744682E-02  1.5405385E+00
  2.9077759E-02  1.5479345E+00
  2.9410837E-02  1.5553249E+00
  2.9743915E-02  1.5627097E+00
  3.0076992E-02  1.5700890E+00
  3.0410070E-02  1.5774627E+00
  3.0743148E-02  1.5848308E+00
  3.1076225E-02  1.5921934E+00
  3.1409303E-02  1.5995504E+00
  3.1742381E-02  1.6069018E+00
  3.2075458E-02  1.6142478E+00
  3.2408536E-02  1.6215882E+00
  3.2741614E-02  1.6289230E+00
  3.3074692E-02  1.6362524E+00
  3.3407769E-02  1.6435762E+00
  3.3740847E-02  1.6508945E+00
  3.4073925E-02  1.6582073E+00
  3.4407002E-02  1.6655146E+00
  3.4740080E-02  1.6728164E+00
  3.5073158E-02  1.6801128E+00
  3.5406235E-02  1.6874036E+00
  3.5739313E-02  1.6946890E+00
  3.6072391E-02  1.7019689E+00
  3.6405468E-02  1.7092433E+00
  3.6738546E-02  1.7165123E+00
  3.7071624E-02  1.7237758E+00
  3.7404702E-02  1.7310339E+00
  3.7737779E-02  1.7382866E+00
  3.8070857E-02  1.7455338E+00
  3.8403935E-02  1.7527755E+00
  3.8737012E-02  1.7600119E+00
  3.9070090E-02  1.7672428E+00
  3.9403168E-02  1.7744684E+00
  3.9736245E-02  1.7816885E+00
  4.0069323E-02  1.7889032E+00
  4.0402401E-02  1.7961125E+00
  4.0735478E-02  1.8033164E+00
  4.1068556E-02  1.8105150E+00
  4.1401634E-02  1.8177082E+00
  4.1734712E-02  1.8248960E+00
  4.2067789E-02  1.8320784E+00
  4.2400867E-02  1.8392555E+00
  4.2733945E-02  1.8464272E+00
  4.3067022E-02  1.8535936E+00
  4.3400100E-02  1.8607546E+00
  4.3733178E-02  1.8679103E+00
  4.4066255E-02  1.8750607E+00
  4.4399333E-02  1.8822057E+00
  4.4732411E-02  1.8893454E+00
  4.5065488E-02  1.8964798E+00
  4.5398566E-02  1.9036089E+00
  4.5731644E-02  1.9107327E+00
  4.6064722E-02  1.9178512E+00
  4.6397799E-02  1.9249644E+00
  4.6730877E-02  1.9320724E+00
  4.7063955E-02  1.9391750E+00
  4.7397032E-02  1.9462724E+00
  4.7730110E-02  1.9533645E+00
  4.8063188E-02  1.9604513E+00
  4.8396265E-02  1.9675329E+00
  4.8729343E-02  1.9746092E+00
  4.9062421E-02  1.9816803E+00
  4.9395498E-02  1.9887461E+00
  4.9728576E-02  1.9958067E+00
  5.0061654E-02  2.0028621E+00
  5.0394732E-02  2.0099123E+00
  5.0727809E-02  2.0169572E+00
  5.1060887E-02  2.0239969E+00
  5.1393965E-02  2.0310314E+00
  5.1727042E-02  2.0380607E+00
  5.2060120E-02  2.0450849E+00
  5.2393198E-02  2.0521038E+00
  5.2726275E-02  2.0591175E+00
  5.3059353E-02  2.0661261E+00
  5.3392431E-02  2.0731295E+00
  5.3725509E-02  2.0801277E+00
  5.4058586E-02  2.0871208E+00
  5.4391664E-02  2.0941087E+00
  5.4724742E-02  2.1010915E+00
  5.5057819E-02  2.1080691E+00
  5.5390897E-02  2.1150415E+00
  5.5723975E-02  2.1220089E+00
  5.6057052E-02  2.1289711E+00
  5.6390130E-02  2.1359282E+00
  5.6723208E-02  2.1428802E+00
  5.7056285E-02  2.1498270E+00
  5.7389363E-02  2.1567688E+00
  5.7722441E-02  2.1637054E+00
  5.8055519E-02  2.1706370E+00
  5.8388596E-02  2.1775634E+00
  5.8721674E-02  2.1844848E+00
  5.9054752E-02  2.1914011E+00
  5.9387829E-02  2.1983123E+00
  5.9720907E-02  2.2052185E+00
  6.0053985E-02  2.2121196E+00
  6.0387062E-02  2.2190157E+00
  6.0720140E-02  2.2259066E+00
  6.1053218E-02  2.2327926E+00
  6.1386295E-02  2.2396735E+00
  6.1719373E-02  2.2465494E+00
  6.2052451E-02  2.2534202E+00
  6.2385529E-02  2.2602860E+00
  6.2718606E-02  2.2671468E+00
  6.3051684E-02  2.2740026E+00
  6.3384762E-02  2.2808534E+00
  6.3717839E-02  2.2876991E+00
  6.4050917E-02  2.2945399E+00
  6.4383995E-02  2.3013757E+00
  6.4717072E-02  2.3082065E+00
  6.5050150E-02  2.3150323E+00
  6.5383228E-02  2.3218531E+00
  6.5716305E-02  2.3286690E+00
  6.6049383E-02  2.3354799E+00
  6.6382461E-02  2.3422859E+00
  6.6715539E-02  2.3490869E+00
  6.7048616E-02  2.3558829E+00
  6.7381694E-02  2.3626740E+00
  6.7714772E-02  2.3694602E+00
  6.8047849E-02  2.3762414E+00
  6.8380927E-02  2.3830177E+00
  6.8714005E-02  2.3897891E+00
  6.9047082E-02  2.3965555E+00
  6.9380160E-02  2.4033171E+00
  6.9713238E-02  2.4100737E+00
  7.0046315E-02  2.4168255E+00
  7.0379393E-02  2.4235723E+00
  7.0712471E-02  2.4303143E+00
  7.1045549E-02  2.4370514E+00
  7.1378626E-02  2.4437836E+00
  7.1711704E-02  2.4505109E+00
  7.2044782E-02  2.4572334E+00
  7.2377859E-02  2.4639509E+00
  7.2710937E-02  2.4706637E+00
  7.3044015E-02  2.4773716E+00
  7.3377092E-02  2.4840746E+00
  7.3710170E-02  2.4907728E+00
  7.4043248E-02  2.4974661E+00
  7.4376325E-02  2.5041547E+00
  7.4709403E-02  2.5108384E+00
  7.5042481E-02  2.5175172E+00
  7.5375559E-02  2.5241913E+00
  7.5708636E-02  2.5308605E+00
  7.6041714E-02  2.5375250E+00
  7.6374792E-02  2.5441846E+00
  7.6707869E-02  2.5508395E+00
  7.7040947E-02  2.5574895E+00
  7.7374025E-02  2.5641348E+00
  7.7707102E-02  2.5707753E+00
  7.8040180E-02  2.5774110E+00
  7.8373258E-02  2.5840420E+00
  7.8706335E-02  2.5906682E+00
  7.9039413E-02  2.5972896E+00
  7.9372491E-02  2.6039063E+00
  7.9705569E-02  2.6105182E+00
  8.0038646E-02  2.6171254E+00
  8.0371724E-02  2.6237278E+00
  8.0704802E-02  2.6303255E+00
  8.1037879E-02  2.6369185E+00
  8.1370957E-02  2.6435068E+00
  8.1704035E-02  2.6500903E+00
  8.2037112E-02  2.6566692E+00
  8.2370190E-02  2.6632433E+00
  8.2703268E-02  2.6698127E+00
  8.3036345E-02  2.6763775E+00
  8.3369423E-02  2.6829375E+00
  8.3702501E-02  2.6894929E+00
  8.4035579E-02  2.6960435E+00
  8.4368656E-02  2.7025895E+00
  8.4701734E-02  2.7091309E+00
  8.5034812E-02  2.7156675E+00
  8.5367889E-02  2.7221995E+00
  8.5700967E-02  2.7287269E+00
  8.6034045E-02  2.7352495E+00
  8.6367122E-02  2.7417676E+00
  8.6700200E-02  2.7482810E+00
  8.7033278E-02  2.7547898E+00
  8.7366355E-02  2.7612939E+00
  8.7699433E-02  2.7677934E+00
  8.8032511E-02  2.7742883E+00
  8.8365589E-02  2.7807786E+00
  8.8698666E-02  2.7872643E+00
  8.9031744E-02  2.7937453E+00
  8.9364822E-02  2.8002218E+00
  8.9697899E-02  2.8066937E+00
  9.0030977E-02  2.8131609E+00
  9.0364055E-02  2.8196236E+00
  9.0697132E-02  2.8260818E+00
  9.1030210E-02  2.8325353E+00
  9.1363288E-02  2.8389843E+00
  9.1696365E-02  2.8454287E+00
  9.2029443E-02  2.8518685E+00
  9.2362521E-02  2.8583038E+00
  9.2695599E-02  2.8647346E+00
  9.3028676E-02  2.8711608E+00
  9.3361754E-02  2.8775824E+00
  9.3694832E-02  2.8839995E+00
  9.4027909E-02  2.8904121E+00
  9.4360987E-02  2.8968202E+00
  9.4694065E-02  2.9032238E+00
  9.5027142E-02  2.9096228E+00
  9.5360220E-02  2.9160173E+00
  9.5693298E-02  2.9224073E+00
  9.6026375E-02  2.9287929E+00
  9.6359453E-02  2.9351739E+00
  9.6692531E-02  2.9415504E+00
  9.7025609E-02  2.9479225E+00
  9.7358686E-02  2.9542901E+00
  9.7691764E-02  2.9606531E+00
  9.8024842E-02  2.9670118E+00
  9.8357919E-02  2.9733659E+00
  9.8690997E-02  2.9797156E+00
  9.9024075E-02  2.9860609E+00
  9.9357152E-02  2.9924017E+00
  9.9690230E-02  2.9987380E+00
  1.0002331E-01  3.0050699E+00
  1.0035639E-01  3.0113974E+00
  1.0068946E-01  3.0177204E+00
  1.0102254E-01  3.0240390E+00
  1.0135562E-01  3.0303532E+00
  1.0168870E-01  3.0366630E+00
  1.0202177E-01  3.0429684E+00
  1.0235485E-01  3.0492693E+00
  1.0268793E-01  3.0555659E+00
  1.0302101E-01  3.0618581E+00
  1.0335408E-01  3.0681458E+00
  1.0368716E-01  3.0744292E+00
  1.0402024E-01  3.0807082E+00
  1.0435332E-01  3.0869828E+00
  1.0468640E-01  3.0932531E+00
  1.0501947E-01  3.0995189E+00
  1.0535255E-01  3.1057805E+00
  1.0568563E-01  3.1120376E+00
  1.0601871E-01  3.1182904E+00
  1.0635178E-01  3.1245389E+00
  1.0668486E-01  3.1307830E+00
  1.0701794E-01  3.1370228E+00
  1.0735102E-01  3.1432582E+00
  1.0768409E-01  3.1494893E+00
  1.0801717E-01  3.1557161E+00
  1.0835025E-01  3.1619386E+00
  1.0868333E-01  3.1681567E+00
  1.0901641E-01  3.1743706E+00
  1.0934948E-01  3.1805801E+00
  1.0968256E-01  3.1867853E+00
  1.1001564E-01  3.1929863E+00
  1.1034872E-01  3.1991829E+00
  1.1068179E-01  3.2053753E+00
  1.1101487E-01  3.2115634E+00
  1.1134795E-01  3.2177472E+00
  1.1168103E-01  3.2239267E+00
  1.1201410E-01  3.2301019E+00
  1.1234718E-01  3.2362729E+00
  1.1268026E-01  3.2424397E+00
  1.1301334E-01  3.2486022E+00
  1.1334642E-01  3.2547604E+00
  1.1367949E-01  3.2609144E+00
  1.1401257E-01  3.2670642E+00
  1.1434565E-01  3.2732097E+00
  1.1467873E-01  3.2793510E+00
  1.1501180E-01  3.2854881E+00
  1.1534488E-01  3.2916209E+00
  1.1567796E-01  3.2977495E+00
  1.1601104E-01  3.3038740E+00
  1.1634411E-01  3.3099942E+00
  1.1667719E-01  3.3161102E+00
  1.1701027E-01  3.3222220E+00
  1.1734335E-01  3.3283296E+00
  1.1767643E-01  3.3344331E+00
  1.1800950E-01  3.3405323E+00
  1.1834258E-01  3.3466274E+00
  1.1867566E-01  3.3527183E+00
  1.1900874E-01  3.3588050E+00
  1.1934181E-01  3.3648876E+00
  1.1967489E-01  3.3709660E+00
  1.2000797E-01  3.3770403E+00
  1.2034105E-01  3.3831104E+00
  1.2067412E-01  3.3891764E+00
  1.2100720E-01  3.3952382E+00
  1.2134028E-01  3.4012959E+00
  1.2167336E-01  3.4073494E+00
  1.2200644E-01  3.4133988E+00
  1.2233951E-01  3.4194441E+00
  1.2267259E-01  3.4254853E+00
  1.2300567E-01  3.4315224E+00
  1.2333875E-01  3.4375553E+00
  1.2367182E-01  3.4435842E+00
  1.2400490E-01  3.4496090E+00
  1.2433798E-01  3.4556296E+00
  1.2467106E-01  3.4616462E+00
  1.2500413E-01  3.4676587E+00
  1.2533721E-01  3.4736671E+00
  1.2567029E-01  3.4796714E+00
  1.2600337E-01  3.4856717E+00
  1.2633645E-01  3.4916679E+00
  1.2666952E-01  3.4976600E+00
  1.2700260E-01  3.5036481E+00
  1.2733568E-01  3.5096321E+00
  1.2766876E-01  3.5156120E+00
  1.2800183E-01  3.5215880E+00
  1.2833491E-01  3.5275598E+00
  1.2866799E-01  3.5335277E+00
  1.2900107E-01  3.5394915E+00
  1.2933414E-01  3.5454513E+00
  1.2966722E-01  3.5514070E+00
  1.3000030E-01  3.5573588E+00
  1.3033338E-01  3.5633065E+00
  1.3066646E-01  3.5692502E+00
  1.3099953E-01  3.5751900E+00
  1.3133261E-01  3.5811257E+00
  1.3166569E-01  3.5870574E+00
  1.3199877E-01  3.5929851E+00
  1.3233184E-01  3.5989089E+00
  1.3266492E-01  3.6048286E+00
  1.3299800E-01  3.6107444E+00
  1.3333108E-01  3.6166563E+00
  1.3366415E-01  3.6225641E+00
  1.3399723E-01  3.6284680E+00
  1.3433031E-01  3.6343679E+00
  1.3466339E-01  3.6402639E+00
  1.3499647E-01  3.6461559E+00
  1.3532954E-01  3.6520440E+00
  1.3566262E-01  3.6579281E+00
  1.3599570E-01  3.6638083E+00
  1.3632878E-01  3.6696846E+00
  1.3666185E-01  3.6755569E+00
  1.3699493E-01  3.6814253E+00
  1.3732801E-01  3.6872898E+00
  1.3766109E-01  3.6931504E+00
  1.3799416E-01  3.6990070E+00
  1.3832724E-01  3.7048598E+00
  1.3866032E-01  3.7107086E+00
  1.3899340E-01  3.7165536E+00
  1.3932648E-01  3.7223947E+00
  1.3965955E-01  3.7282318E+00
  1.3999263E-01  3.7340651E+00
  1.4032571E-01  3.7398946E+00
  1.4065879E-01  3.7457201E+00
  1.4099186E-01  3.7515418E+00
  1.4132494E-01  3.7573596E+00
  1.4165802E-01  3.7631735E+00
  1.4199110E-01  3.7689836E+00
  1.4232417E-01  3.7747898E+00
  1.4265725E-01  3.7805922E+00
  1.4299033E-01  3.7863907E+00
  1.4332341E-01  3.7921854E+00
  1.4365649E-01  3.7979763E+00
  1.4398956E-01  3.8037633E+00
  1.4432264E-01  3.8095465E+00
  1.4465572E-01  3.8153259E+00
  1.4498880E-01  3.8211014E+00
  1.4532187E-01  3.8268732E+00
  1.4565495E-01  3.8326411E+00
  1.4598803E-01  3.8384052E+00
  1.4632111E-01  3.8441656E+00
  1.4665418E-01  3.8499221E+00
  1.4698726E-01  3.8556748E+00
  1.4732034E-01  3.8614238E+00
  1.4765342E-01  3.8671689E+00
  1.4798650E-01  3.8729103E+00
  1.4831957E-01  3.8786479E+00
  1.4865265E-01  3.8843818E+00
  1.4898573E-01  3.8901118E+00
  1.4931881E-01  3.8958381E+00
  1.4965188E-01  3.9015607E+00
  1.4998496E-01  3.9072795E+00
  1.5031804E-01  3.9129945E+00
  1.5065112E-01  3.9187058E+00
  1.5098419E-01  3.9244134E+00
  1.5131727E-01  3.9301172E+00
  1.5165035E-01  3.9358173E+00
  1.5198343E-01  3.9415137E+00
  1.5231651E-01  3.9472063E+00
  1.5264958E-01  3.9528952E+00
  1.5298266E-01  3.9585804E+00
  1.5331574E-01  3.9642619E+00
  1.5364882E-01  3.9699397E+00
  1.5398189E-01  3.9756138E+00
  1.5431497E-01  3.9812841E+00
  1.5464805E-01  3.9869508E+00
  1.5498113E-01  3.9926138E+00
  1.5531420E-01  3.9982731E+00
  1.5564728E-01  4.0039287E+00
  1.5598036E-01  4.0095807E+00
  1.5631344E-01  4.0152290E+00
  1.5664652E-01  4.0208736E+00
  1.5697959E-01  4.0265145E+00
  1.5731267E-01  4.0321518E+00
  1.5764575E-01  4.0377854E+00
  1.5797883E-01  4.0434154E+00
  1.5831190E-01  4.0490417E+00
  1.5864498E-01  4.0546644E+00
  1.5897806E-01  4.0602834E+00
  1.5931114E-01  4.0658988E+00
  1.5964421E-01  4.0715106E+00
  1.5997729E-01  4.0771188E+00
  1.6031037E-01  4.0827233E+00
  1.6064345E-01  4.0883242E+00
  1.6097653E-01  4.0939215E+00
  1.6130960E-01  4.0995151E+00
  1.6164268E-01  4.1051052E+00
  1.6197576E-01  4.1106917E+00
  1.6230884E-01  4.1162746E+00
  1.6264191E-01  4.1218538E+00
  1.6297499E-01  4.1274295E+00
  1.6330807E-01  4.1330016E+00
  1.6364115E-01  4.1385701E+00
  1.6397422E-01  4.1441351E+00
  1.6430730E-01  4.1496964E+00
  1.6464038E-01  4.1552542E+00
  1.6497346E-01  4.1608085E+00
  1.6530654E-01  4.1663591E+00
  1.6563961E-01  4.1719063E+00
  1.6597269E-01  4.1774498E+00
  1.6630577E-01  4.1829898E+00
  1.6663885E-01  4.1885263E+00
  1.6697192E-01  4.1940592E+00
  1.6730500E-01  4.1995886E+00
  1.6763808E-01  4.2051145E+00
  1.6797116E-01  4.2106368E+00
  1.6830423E-01  4.2161556E+00
  1.6863731E-01  4.2216709E+00
  1.6897039E-01  4.2271827E+00
  1.6930347E-01  4.2326909E+00
  1.6963655E-01  4.2381957E+00
  1.6996962E-01  4.2436969E+00
  1.7030270E-01  4.2491946E+00
  1.7063578E-01  4.2546889E+00
  1.7096886E-01  4.2601797E+00
  1.7130193E-01  4.2656669E+00
  1.7163501E-01  4.2711507E+00
  1.7196809E-01  4.2766310E+00
  1.7230117E-01  4.2821078E+00
  1.7263424E-01  4.2875812E+00
  1.7296732E-01  4.2930511E+00
  1.7330040E-01  4.2985175E+00
  1.7363348E-01  4.3039805E+00
  1.7396656E-01  4.3094400E+00
  1.7429963E-01  4.3148961E+00
  1.7463271E-01  4.3203487E+00
  1.7496579E-01  4.3257978E+00
  1.7529887E-01  4.3312436E+00
  1.7563194E-01  4.3366859E+00
  1.7596502E-01  4.3421247E+00
  1.7629810E-01  4.3475602E+00
  1.7663118E-01  4.3529922E+00
  1.7696425E-01  4.3584208E+00
  1.7729733E-01  4.3638460E+00
  1.7763041E-01  4.3692677E+00
  1.7796349E-01  4.3746861E+00
  1.7829657E-01  4.3801010E+00
  1.7862964E-01  4.3855126E+00
  1.7896272E-01  4.3909208E+00
  1.7929580E-01  4.3963255E+00
  1.7962888E-01  4.4017269E+00
  1.7996195E-01  4.4071249E+00
  1.8029503E-01  4.4125195E+00
  1.8062811E-01  4.4179108E+00
  1.8096119E-01  4.4232986E+00
  1.8129426E-01  4.4286831E+00
  1.8162734E-01  4.4340643E+00
  1.8196042E-01  4.4394421E+00
  1.8229350E-01  4.4448165E+00
  1.8262658E-01  4.4501876E+00
  1.8295965E-01  4.4555553E+00
  1.8329273E-01  4.4609197E+00
  1.8362581E-01  4.4662807E+00
  1.8395889E-01  4.4716384E+00
  1.8429196E-01  4.4769928E+00
  1.8462504E-01  4.4823438E+00
  1.8495812E-01  4.4876915E+00
  1.8529120E-01  4.4930359E+00
  1.8562427E-01  4.4983770E+00
  1.8595735E-01  4.5037148E+00
  1.8629043E-01  4.5090492E+00
  1.8662351E-01  4.5143804E+00
  1.8695659E-01  4.5197082E+00
  1.8728966E-01  4.5250328E+00
  1.8762274E-01  4.5303540E+00
  1.8795582E-01  4.5356720E+00
  1.8828890E-01  4.5409867E+00
  1.8862197E-01  4.5462981E+00
  1.8895505E-01  4.5516062E+00
  1.8928813E-01  4.5569111E+00
  1.8962121E-01  4.5622126E+00
  1.8995428E-01  4.5675109E+00
  1.9028736E-01  4.5728060E+00
  1.9062044E-01  4.5780978E+00
  1.9095352E-01  4.5833863E+00
  1.9128660E-01  4.5886716E+00
  1.9161967E-01  4.5939537E+00
  1.9195275E-01  4.5992324E+00
  1.9228583E-01  4.6045080E+00
  1.9261891E-01  4.6097803E+00
  1.9295198E-01  4.6150494E+00
  1.9328506E-01  4.6203153E+00
  1.9361814E-01  4.6255779E+00
  1.9395122E-01  4.6308373E+00
  1.9428429E-01  4.6360935E+00
  1.9461737E-01  4.6413465E+00
  1.9495045E-01  4.6465963E+00
  1.9528353E-01  4.6518429E+00
  1.9561661E-01  4.6570862E+00
  1.9594968E-01  4.6623264E+00
  1.9628276E-01  4.6675634E+00
  1.9661584E-01  4.6727972E+00
  1.9694892E-01  4.6780278E+00
  1.9728199E-01  4.6832552E+00
  1.9761507E-01  4.6884795E+00
  1.9794815E-01  4.6937005E+00
  1.9828123E-01  4.6989184E+00
  1.9861430E-01  4.7041332E+00
  1.9894738E-01  4.7093447E+00
  1.9928046E-01  4.7145531E+00
  1.9961354E-01  4.7197584E+00
  1.9994662E-01  4.7249605E+00
  2.0027969E-01  4.7301595E+00
  2.0061277E-01  4.7353553E+00
  2.0094585E-01  4.7405479E+00
  2.0127893E-01  4.7457375E+00
  2.0161200E-01  4.7509239E+00
  2.0194508E-01  4.7561071E+00
  2.0227816E-01  4.7612873E+00
  2.0261124E-01  4.7664643E+00
  2.0294431E-01  4.7716382E+00
  2.0327739E-01  4.7768090E+00
  2.0361047E-01  4.7819767E+00
  2.0394355E-01  4.7871412E+00
  2.0427663E-01  4.7923027E+00
  2.0460970E-01  4.7974611E+00
  2.0494278E-01  4.8026163E+00
  2.0527586E-01  4.8077685E+00
  2.0560894E-01  4.8129176E+00
  2.0594201E-01  4.8180636E+00
  2.0627509E-01  4.8232066E+00
  2.0660817E-01  4.8283464E+00
  2.0694125E-01  4.8334832E+00
  2.0727432E-01  4.8386169E+00
  2.0760740E-01  4.8437475E+00
  2.0794048E-01  4.8488751E+00
  2.0827356E-01  4.8539996E+00
  2.0860664E-01  4.8591211E+00
  2.0893971E-01  4.8642395E+00
  2.0927279E-01  4.8693548E+00
  2.0960587E-01  4.8744672E+00
  2.0993895E-01  4.8795764E+00
  2.1027202E-01  4.8846827E+00
  2.1060510E-01  4.8897859E+00
  2.1093818E-01  4.8948861E+00
  2.1127126E-01  4.8999832E+00
  2.1160433E-01  4.9050774E+00
  2.1193741E-01  4.9101685E+00
  2.1227049E-01  4.9152566E+00
  2.1260357E-01  4.9203417E+00
  2.1293665E-01  4.9254237E+00
  2.1326972E-01  4.9305028E+00
  2.1360280E-01  4.9355789E+00
  2.1393588E-01  4.9406520E+00
  2.1426896E-01  4.9457221E+00
  2.1460203E-01  4.9507892E+00
  2.1493511E-01  4.9558533E+00
  2.1526819E-01  4.9609144E+00
  2.1560127E-01  4.9659726E+00
  2.1593434E-01  4.9710277E+00
  2.1626742E-01  4.9760799E+00
  2.1660050E-01  4.9811292E+00
  2.1693358E-01  4.9861754E+00
  2.1726666E-01  4.9912188E+00
  2.1759973E-01  4.9962591E+00
  2.1793281E-01  5.0012965E+00
  2.1826589E-01  5.0063310E+00
  2.1859897E-01  5.0113625E+00
  2.1893204E-01  5.0163911E+00
  2.1926512E-01  5.0214167E+00
  2.1959820E-01  5.0264394E+00
  2.1993128E-01  5.0314591E+00
  2.2026435E-01  5.0364760E+00
  2.2059743E-01  5.0414899E+00
  2.2093051E-01  5.0465009E+00
  2.2126359E-01  5.0515089E+00
  2.2159667E-01  5.0565141E+00
  2.2192974E-01  5.0615163E+00
  2.2226282E-01  5.0665157E+00
  2.2259590E-01  5.0715121E+00
  2.2292898E-01  5.0765057E+00
  2.2326205E-01  5.0814963E+00
  2.2359513E-01  5.0864841E+00
  2.2392821E-01  5.0914689E+00
  2.2426129E-01  5.0964509E+00
  2.2459436E-01  5.1014300E+00
  2.2492744E-01  5.1064062E+00
  2.2526052E-01  5.1113796E+00
  2.2559360E-01  5.1163500E+00
  2.2592668E-01  5.1213176E+00
  2.2625975E-01  5.1262824E+00
  2.2659283E-01  5.1312443E+00
  2.2692591E-01  5.1362033E+00
  2.2725899E-01  5.1411595E+00
  2.2759206E-01  5.1461128E+00
  2.2792514E-01  5.1510633E+00
  2.2825822E-01  5.1560109E+00
  2.2859130E-01  5.1609557E+00
  2.2892437E-01  5.1658977E+00
  2.2925745E-01  5.1708368E+00
  2.2959053E-01  5.1757731E+00
  2.2992361E-01  5.1807065E+00
  2.3025669E-01  5.1856372E+00
  2.3058976E-01  5.1905650E+00
  2.3092284E-01  5.1954900E+00
  2.3125592E-01  5.2004123E+00
  2.3158900E-01  5.2053317E+00
  2.3192207E-01  5.2102483E+00
  2.3225515E-01  5.2151620E+00
  2.3258823E-01  5.2200730E+00
  2.3292131E-01  5.2249812E+00
  2.3325438E-01  5.2298867E+00
  2.3358746E-01  5.2347893E+00
  2.3392054E-01  5.2396891E+00
  2.3425362E-01  5.2445862E+00
  2.3458670E-01  5.2494805E+00
  2.3491977E-01  5.2543720E+00
  2.3525285E-01  5.2592607E+00
  2.3558593E-01  5.2641467E+00
  2.3591901E-01  5.2690299E+00
  2.3625208E-01  5.2739104E+00
  2.3658516E-01  5.2787881E+00
  2.3691824E-01  5.2836631E+00
  2.3725132E-01  5.2885353E+00
  2.3758439E-01  5.2934047E+00
  2.3791747E-01  5.2982714E+00
  2.3825055E-01  5.3031354E+00
  2.3858363E-01  5.3079966E+00
  2.3891671E-01  5.3128552E+00
  2.3924978E-01  5.3177109E+00
  2.3958286E-01  5.3225640E+00
  2.3991594E-01  5.3274143E+00
  2.4024902E-01  5.3322619E+00
  2.4058209E-01  5.3371068E+00
  2.4091517E-01  5.3419490E+00
  2.4124825E-01  5.3467885E+00
  2.4158133E-01  5.3516253E+00
  2.4191440E-01  5.3564594E+00
  2.4224748E-01  5.3612908E+00
  2.4258056E-01  5.3661195E+00
  2.4291364E-01  5.3709455E+00
  2.4324672E-01  5.3757688E+00
  2.4357979E-01  5.3805894E+00
  2.4391287E-01  5.3854073E+00
  2.4424595E-01  5.3902226E+00
  2.4457903E-01  5.3950352E+00
  2.4491210E-01  5.3998451E+00
  2.4524518E-01  5.4046524E+00
  2.4557826E-01  5.4094570E+00
  2.4591134E-01  5.4142589E+00
  2.4624441E-01  5.4190582E+00
  2.4657749E-01  5.4238548E+00
  2.4691057E-01  5.4286488E+00
  2.4724365E-01  5.4334401E+00
  2.4757673E-01  5.4382288E+00
  2.4790980E-01  5.4430149E+00
  2.4824288E-01  5.4477983E+00
  2.4857596E-01  5.4525791E+00
  2.4890904E-01  5.4573572E+00
  2.4924211E-01  5.4621327E+00
  2.4957519E-01  5.4669056E+00
  2.4990827E-01  5.4716759E+00
  2.5024135E-01  5.4764436E+00
  2.5057442E-01  5.4812086E+00
  2.5090750E-01  5.4859711E+00
  2.5124058E-01  5.4907309E+00
  2.5157366E-01  5.4954881E+00
  2.5190674E-01  5.5002428E+00
  2.5223981E-01  5.5049948E+00
  2.5257289E-01  5.5097442E+00
  2.5290597E-01  5.5144911E+00
  2.5323905E-01  5.5192354E+00
  2.5357212E-01  5.5239770E+00
  2.5390520E-01  5.5287161E+00
  2.5423828E-01  5.5334527E+00
  2.5457136E-01  5.5381866E+00
  2.5490443E-01  5.5429180E+00
  2.5523751E-01  5.5476468E+00
  2.5557059E-01  5.5523731E+00
  2.5590367E-01  5.5570968E+00
  2.5623675E-01  5.5618179E+00
  2.5656982E-01  5.5665365E+00
  2.5690290E-01  5.5712525E+00
  2.5723598E-01  5.5759660E+00
  2.5756906E-01  5.5806770E+00
  2.5790213E-01  5.5853854E+00
  2.5823521E-01  5.5900912E+00
  2.5856829E-01  5.5947946E+00
  2.5890137E-01  5.5994954E+00
  2.5923444E-01  5.6041936E+00
  2.5956752E-01  5.6088894E+00
  2.5990060E-01  5.6135826E+00
  2.6023368E-01  5.6182733E+00
  2.6056676E-01  5.6229615E+00
  2.6089983E-01  5.6276472E+00
  2.6123291E-01  5.6323304E+00
  2.6156599E-01  5.6370111E+00
  2.6189907E-01  5.6416893E+00
  2.6223214E-01  5.6463650E+00
  2.6256522E-01  5.6510381E+00
  2.6289830E-01  5.6557088E+00
  2.6323138E-01  5.6603771E+00
  2.6356445E-01  5.6650428E+00
  2.6389753E-01  5.6697060E+00
  2.6423061E-01  5.6743668E+00
  2.6456369E-01  5.6790251E+00
  2.6489677E-01  5.6836809E+00
  2.6522984E-01  5.6883342E+00
  2.6556292E-01  5.6929851E+00
  2.6589600E-01  5.6976335E+00
  2.6622908E-01  5.7022795E+00
  2.6656215E-01  5.7069230E+00
  2.6689523E-01  5.7115641E+00
  2.6722831E-01  5.7162027E+00
  2.6756139E-01  5.7208388E+00
  2.6789446E-01  5.7254726E+00
  2.6822754E-01  5.7301038E+00
  2.6856062E-01  5.7347327E+00
  2.6889370E-01  5.7393591E+00
  2.6922678E-01  5.7439831E+00
  2.6955985E-01  5.7486046E+00
  2.6989293E-01  5.7532238E+00
  2.7022601E-01  5.7578405E+00
  2.7055909E-01  5.7624548E+00
  2.7089216E-01  5.7670666E+00
  2.7122524E-01  5.7716761E+00
  2.7155832E-01  5.7762832E+00
  2.7189140E-01  5.7808878E+00
  2.7222447E-01  5.7854901E+00
  2.7255755E-01  5.7900899E+00
  2.7289063E-01  5.7946874E+00
  2.7322371E-01  5.7992825E+00
  2.7355679E-01  5.8038752E+00
  2.7388986E-01  5.8084655E+00
  2.7422294E-01  5.8130534E+00
  2.7455602E-01  5.8176389E+00
  2.7488910E-01  5.8222221E+00
  2.7522217E-01  5.8268029E+00
  2.7555525E-01  5.8313813E+00
  2.7588833E-01  5.8359573E+00
  2.7622141E-01  5.8405310E+00
  2.7655448E-01  5.8451024E+00
  2.7688756E-01  5.8496713E+00
  2.7722064E-01  5.8542380E+00
  2.7755372E-01  5.8588022E+00
  2.7788680E-01  5.8633642E+00
  2.7821987E-01  5.8679237E+00
  2.7855295E-01  5.8724810E+00
  2.7888603E-01  5.8770359E+00
  2.7921911E-01  5.8815885E+00
  2.7955218E-01  5.8861387E+00
  2.7988526E-01  5.8906866E+00
  2.8021834E-01  5.8952322E+00
  2.8055142E-01  5.8997754E+00
  2.8088449E-01  5.9043164E+00
  2.8121757E-01  5.9088550E+00
  2.8155065E-01  5.9133913E+00
  2.8188373E-01  5.9179253E+00
  2.8221681E-01  5.9224570E+00
  2.8254988E-01  5.9269864E+00
  2.8288296E-01  5.9315135E+00
  2.8321604E-01  5.9360383E+00
  2.8354912E-01  5.9405608E+00
  2.8388219E-01  5.9450810E+00
  2.8421527E-01  5.9495990E+00
  2.8454835E-01  5.9541146E+00
  2.8488143E-01  5.9586280E+00
  2.8521450E-01  5.9631390E+00
  2.8554758E-01  5.9676478E+00
  2.8588066E-01  5.9721544E+00
  2.8621374E-01  5.9766586E+00
  2.8654682E-01  5.9811606E+00
  2.8687989E-01  5.9856604E+00
  2.8721297E-01  5.9901578E+00
  2.8754605E-01  5.9946531E+00
  2.8787913E-01  5.9991460E+00
  2.8821220E-01  6.0036367E+00
  2.8854528E-01  6.0081252E+00
  2.8887836E-01  6.0126114E+00
  2.8921144E-01  6.0170954E+00
  2.8954451E-01  6.0215771E+00
  2.8987759E-01  6.0260566E+00
  2.9021067E-01  6.0305339E+00
  2.9054375E-01  6.0350090E+00
  2.9087683E-01  6.0394818E+00
  2.9120990E-01  6.0439524E+00
  2.9154298E-01  6.0484207E+00
  2.9187606E-01  6.0528869E+00
  2.9220914E-01  6.0573508E+00
  2.9254221E-01  6.0618126E+00
  2.9287529E-01  6.0662721E+00
  2.9320837E-01  6.0707294E+00
  2.9354145E-01  6.0751846E+00
  2.9387452E-01  6.0796375E+00
  2.9420760E-01  6.0840882E+00
  2.9454068E-01  6.0885367E+00
  2.9487376E-01  6.0929831E+00
  2.9520684E-01  6.0974272E+00
  2.9553991E-01  6.1018692E+00
  2.9587299E-01  6.1063090E+00
  2.9620607E-01  6.1107466E+00
  2.9653915E-01  6.1151821E+00
  2.9687222E-01  6.1196153E+00
  2.9720530E-01  6.1240464E+00
  2.9753838E-01  6.1284754E+00
  2.9787146E-01  6.1329021E+00
  2.9820453E-01  6.1373268E+00
  2.9853761E-01  6.1417492E+00
  2.9887069E-01  6.1461695E+00
  2.9920377E-01  6.1505877E+00
  2.9953685E-01  6.1550037E+00
  2.9986992E-01  6.1594175E+00
  3.0020300E-01  6.1638293E+00
  3.0053608E-01  6.1682389E+00
  3.0086916E-01  6.1726463E+00
  3.0120223E-01  6.1770516E+00
  3.0153531E-01  6.1814548E+00
  3.0186839E-01  6.1858559E+00
  3.0220147E-01  6.1902548E+00
  3.0253454E-01  6.1946516E+00
  3.0286762E-01  6.1990463E+00
  3.0320070E-01  6.2034389E+00
  3.0353378E-01  6.2078294E+00
  3.0386686E-01  6.2122178E+00
  3.0419993E-01  6.2166040E+00
  3.0453301E-01  6.2209882E+00
  3.0486609E-01  6.2253702E+00
  3.0519917E-01  6.2297502E+00
  3.0553224E-01  6.2341281E+00
  3.0586532E-01  6.2385039E+00
  3.0619840E-01  6.2428776E+00
  3.0653148E-01  6.2472492E+00
  3.0686455E-01  6.2516187E+00
  3.0719763E-01  6.2559861E+00
  3.0753071E-01  6.2603515E+00
  3.0786379E-01  6.2647148E+00
  3.0819687E-01  6.2690761E+00
  3.0852994E-01  6.2734352E+00
  3.0886302E-01  6.2777923E+00
  3.0919610E-01  6.2821474E+00
  3.0952918E-01  6.2865003E+00
  3.0986225E-01  6.2908513E+00
  3.1019533E-01  6.2952002E+00
  3.1052841E-01  6.2995470E+00
  3.1086149E-01  6.3038918E+00
  3.1119456E-01  6.3082345E+00
  3.1152764E-01  6.3125752E+00
  3.1186072E-01  6.3169139E+00
  3.1219380E-01  6.3212505E+00
  3.1252688E-01  6.3255851E+00
  3.1285995E-01  6.3299176E+00
  3.1319303E-01  6.3342482E+00
  3.1352611E-01  6.3385767E+00
  3.1385919E-01  6.3429032E+00
  3.1419226E-01  6.3472277E+00
  3.1452534E-01  6.3515502E+00
  3.1485842E-01  6.3558706E+00
  3.1519150E-01  6.3601891E+00
  3.1552457E-01  6.3645055E+00
  3.1585765E-01  6.3688200E+00
  3.1619073E-01  6.3731324E+00
  3.1652381E-01  6.3774428E+00
  3.1685689E-01  6.3817513E+00
  3.1718996E-01  6.3860578E+00
  3.1752304E-01  6.3903622E+00
  3.1785612E-01  6.3946647E+00
  3.1818920E-01  6.3989652E+00
  3.1852227E-01  6.4032638E+00
  3.1885535E-01  6.4075603E+00
  3.1918843E-01  6.4118549E+00
  3.1952151E-01  6.4161475E+00
  3.1985458E-01  6.4204382E+00
  3.2018766E-01  6.4247269E+00
  3.2052074E-01  6.4290136E+00
  3.2085382E-01  6.4332983E+00
  3.2118690E-01  6.4375811E+00
  3.2151997E-01  6.4418620E+00
  3.2185305E-01  6.4461409E+00
  3.2218613E-01  6.4504178E+00
  3.2251921E-01  6.4546929E+00
  3.2285228E-01  6.4589659E+00
  3.2318536E-01  6.4632371E+00
  3.2351844E-01  6.4675063E+00
  3.2385152E-01  6.4717735E+00
  3.2418459E-01  6.4760388E+00
  3.2451767E-01  6.4803023E+00
  3.2485075E-01  6.4845637E+00
  3.2518383E-01  6.4888233E+00
  3.2551691E-01  6.4930809E+00
  3.2584998E-01  6.4973367E+00
  3.2618306E-01  6.5015905E+00
  3.2651614E-01  6.5058424E+00
  3.2684922E-01  6.5100924E+00
  3.2718229E-01  6.5143405E+00
  3.2751537E-01  6.5185867E+00
  3.2784845E-01  6.5228310E+00
  3.2818153E-01  6.5270734E+00
  3.2851460E-01  6.5313139E+00
  3.2884768E-01  6.5355525E+00
  3.2918076E-01  6.5397892E+00
  3.2951384E-01  6.5440241E+00
  3.2984692E-01  6.5482570E+00
  3.3017999E-01  6.5524881E+00
  3.3051307E-01  6.5567173E+00
  3.3084615E-01  6.5609446E+00
  3.3117923E-01  6.5651701E+00
  3.3151230E-01  6.5693937E+00
  3.3184538E-01  6.5736154E+00
  3.3217846E-01  6.5778353E+00
  3.3251154E-01  6.5820533E+00
  3.3284461E-01  6.5862695E+00
  3.3317769E-01  6.5904838E+00
  3.3351077E-01  6.5946963E+00
  3.3384385E-01  6.5989069E+00
  3.3417693E-01  6.6031156E+00
  3.3451000E-01  6.6073225E+00
  3.3484308E-01  6.6115276E+00
  3.3517616E-01  6.6157309E+00
  3.3550924E-01  6.6199323E+00
  3.3584231E-01  6.6241319E+00
  3.3617539E-01  6.6283296E+00
  3.3650847E-01  6.6325256E+00
  3.3684155E-01  6.6367197E+00
  3.3717462E-01  6.6409120E+00
  3.3750770E-01  6.6451024E+00
  3.3784078E-01  6.6492911E+00
  3.3817386E-01  6.6534779E+00
  3.3850694E-01  6.6576630E+00
  3.3884001E-01  6.6618462E+00
  3.3917309E-01  6.6660276E+00
  3.3950617E-01  6.6702073E+00
  3.3983925E-01  6.6743851E+00
  3.4017232E-01  6.6785612E+00
  3.4050540E-01  6.6827354E+00
  3.4083848E-01  6.6869079E+00
  3.4117156E-01  6.6910785E+00
  3.4150463E-01  6.6952474E+00
  3.4183771E-01  6.6994145E+00
  3.4217079E-01  6.7035799E+00
  3.4250387E-01  6.7077434E+00
  3.4283695E-01  6.7119052E+00
  3.4317002E-01  6.7160652E+00
  3.4350310E-01  6.7202235E+00
  3.4383618E-01  6.7243800E+00
  3.4416926E-01  6.7285347E+00
  3.4450233E-01  6.7326877E+00
  3.4483541E-01  6.7368389E+00
  3.4516849E-01  6.7409884E+00
  3.4550157E-01  6.7451361E+00
  3.4583464E-01  6.7492820E+00
  3.4616772E-01  6.7534263E+00
  3.4650080E-01  6.7575687E+00
  3.4683388E-01  6.7617095E+00
  3.4716696E-01  6.7658485E+00
  3.4750003E-01  6.7699858E+00
  3.4783311E-01  6.7741213E+00
  3.4816619E-01  6.7782551E+00
  3.4849927E-01  6.7823872E+00
  3.4883234E-01  6.7865176E+00
  3.4916542E-01  6.7906462E+00
  3.4949850E-01  6.7947731E+00
  3.4983158E-01  6.7988984E+00
  3.5016465E-01  6.8030219E+00
  3.5049773E-01  6.8071437E+00
  3.5083081E-01  6.8112637E+00
  3.5116389E-01  6.8153821E+00
  3.5149697E-01  6.8194988E+00
  3.5183004E-01  6.8236138E+00
  3.5216312E-01  6.8277271E+00
  3.5249620E-01  6.8318387E+00
  3.5282928E-01  6.8359486E+00
  3.5316235E-01  6.8400568E+00
  3.5349543E-01  6.8441634E+00
  3.5382851E-01  6.8482682E+00
  3.5416159E-01  6.8523714E+00
  3.5449466E-01  6.8564729E+00
  3.5482774E-01  6.8605728E+00
  3.5516082E-01  6.8646709E+00
  3.5549390E-01  6.8687674E+00
  3.5582698E-01  6.8728622E+00
  3.5616005E-01  6.8769554E+00
  3.5649313E-01  6.8810469E+00
  3.5682621E-01  6.8851368E+00
  3.5715929E-01  6.8892250E+00
  3.5749236E-01  6.8933115E+00
  3.5782544E-01  6.8973964E+00
  3.5815852E-01  6.9014797E+00
  3.5849160E-01  6.9055613E+00
  3.5882467E-01  6.9096412E+00
  3.5915775E-01  6.9137196E+00
  3.5949083E-01  6.9177962E+00
  3.5982391E-01  6.9218713E+00
  3.6015699E-01  6.9259447E+00
  3.6049006E-01  6.9300165E+00
  3.6082314E-01  6.9340867E+00
  3.6115622E-01  6.9381553E+00
  3.6148930E-01  6.9422222E+00
  3.6182237E-01  6.9462875E+00
  3.6215545E-01  6.9503512E+00
  3.6248853E-01  6.9544133E+00
  3.6282161E-01  6.9584738E+00
  3.6315468E-01  6.9625327E+00
  3.6348776E-01  6.9665900E+00
  3.6382084E-01  6.9706457E+00
  3.6415392E-01  6.9746997E+00
  3.6448700E-01  6.9787522E+00
  3.6482007E-01  6.9828031E+00
  3.6515315E-01  6.9868524E+00
  3.6548623E-01  6.9909001E+00
  3.6581931E-01  6.9949463E+00
  3.6615238E-01  6.9989908E+00
  3.6648546E-01  7.0030338E+00
  3.6681854E-01  7.0070752E+00
  3.6715162E-01  7.0111150E+00
  3.6748469E-01  7.0151533E+00
  3.6781777E-01  7.0191899E+00
  3.6815085E-01  7.0232251E+00
  3.6848393E-01  7.0272586E+00
  3.6881701E-01  7.0312906E+00
  3.6915008E-01  7.0353210E+00
  3.6948316E-01  7.0393499E+00
  3.6981624E-01  7.0433773E+00
  3.7014932E-01  7.0474030E+00
  3.7048239E-01  7.0514273E+00
  3.7081547E-01  7.0554500E+00
  3.7114855E-01  7.0594711E+00
  3.7148163E-01  7.0634907E+00
  3.7181470E-01  7.0675088E+00
  3.7214778E-01  7.0715253E+00
  3.7248086E-01  7.0755403E+00
  3.7281394E-01  7.0795538E+00
  3.7314702E-01  7.0835657E+00
  3.7348009E-01  7.0875762E+00
  3.7381317E-01  7.0915851E+00
  3.7414625E-01  7.0955924E+00
  3.7447933E-01  7.0995983E+00
  3.7481240E-01  7.1036027E+00
  3.7514548E-01  7.1076055E+00
  3.7547856E-01  7.1116069E+00
  3.7581164E-01  7.1156067E+00
  3.7614471E-01  7.1196050E+00
  3.7647779E-01  7.1236019E+00
  3.7681087E-01  7.1275972E+00
  3.7714395E-01  7.1315910E+00
  3.7747703E-01  7.1355834E+00
  3.7781010E-01  7.1395743E+00
  3.7814318E-01  7.1435636E+00
  3.7847626E-01  7.1475515E+00
  3.7880934E-01  7.1515379E+00
  3.7914241E-01  7.1555229E+00
  3.7947549E-01  7.1595063E+00
  3.7980857E-01  7.1634883E+00
  3.8014165E-01  7.1674688E+00
  3.8047472E-01  7.1714478E+00
  3.8080780E-01  7.1754254E+00
  3.8114088E-01  7.1794015E+00
  3.8147396E-01  7.1833762E+00
  3.8180704E-01  7.1873494E+00
  3.8214011E-01  7.1913211E+00
  3.8247319E-01  7.1952914E+00
  3.8280627E-01  7.1992602E+00
  3.8313935E-01  7.2032276E+00
  3.8347242E-01  7.2071936E+00
  3.8380550E-01  7.2111581E+00
  3.8413858E-01  7.2151211E+00
  3.8447166E-01  7.2190828E+00
  3.8480473E-01  7.2230429E+00
  3.8513781E-01  7.2270017E+00
  3.8547089E-01  7.2309590E+00
  3.8580397E-01  7.2349149E+00
  3.8613705E-01  7.2388694E+00
  3.8647012E-01  7.2428225E+00
  3.8680320E-01  7.2467741E+00
  3.8713628E-01  7.2507243E+00
  3.8746936E-01  7.2546731E+00
  3.8780243E-01  7.2586205E+00
  3.8813551E-01  7.2625665E+00
  3.8846859E-01  7.2665111E+00
  3.8880167E-01  7.2704543E+00
  3.8913474E-01  7.2743960E+00
  3.8946782E-01  7.2783364E+00
  3.8980090E-01  7.2822754E+00
  3.9013398E-01  7.2862130E+00
  3.9046706E-01  7.2901492E+00
  3.9080013E-01  7.2940840E+00
  3.9113321E-01  7.2980174E+00
  3.9146629E-01  7.3019494E+00
  3.9179937E-01  7.3058801E+00
  3.9213244E-01  7.3098094E+00
  3.9246552E-01  7.3137373E+00
  3.9279860E-01  7.3176638E+00
  3.9313168E-01  7.3215890E+00
  3.9346475E-01  7.3255128E+00
  3.9379783E-01  7.3294352E+00
  3.9413091E-01  7.3333563E+00
  3.9446399E-01  7.3372760E+00
  3.9479707E-01  7.3411943E+00
  3.9513014E-01  7.3451113E+00
  3.9546322E-01  7.3490270E+00
  3.9579630E-01  7.3529413E+00
  3.9612938E-01  7.3568542E+00
  3.9646245E-01  7.3607658E+00
  3.9679553E-01  7.3646761E+00
  3.9712861E-01  7.3685850E+00
  3.9746169E-01  7.3724926E+00
  3.9779476E-01  7.3763988E+00
  3.9812784E-01  7.3803037E+00
  3.9846092E-01  7.3842073E+00
  3.9879400E-01  7.3881096E+00
  3.9912708E-01  7.3920105E+00
  3.9946015E-01  7.3959101E+00
  3.9979323E-01  7.3998084E+00
  4.0012631E-01  7.4037054E+00
  4.0045939E-01  7.4076011E+00
  4.0079246E-01  7.4114954E+00
  4.0112554E-01  7.4153885E+00
  4.0145862E-01  7.4192802E+00
  4.0179170E-01  7.4231706E+00
  4.0212477E-01  7.4270598E+00
  4.0245785E-01  7.4309476E+00
  4.0279093E-01  7.4348341E+00
  4.0312401E-01  7.4387194E+00
  4.0345709E-01  7.4426033E+00
  4.0379016E-01  7.4464860E+00
  4.0412324E-01  7.4503673E+00
  4.0445632E-01  7.4542474E+00
  4.0478940E-01  7.4581262E+00
  4.0512247E-01  7.4620038E+00
  4.0545555E-01  7.4658800E+00
  4.0578863E-01  7.4697550E+00
  4.0612171E-01  7.4736287E+00
  4.0645478E-01  7.4775011E+00
  4.0678786E-01  7.4813723E+00
  4.0712094E-01  7.4852422E+00
  4.0745402E-01  7.4891109E+00
  4.0778710E-01  7.4929783E+00
  4.0812017E-01  7.4968444E+00
  4.0845325E-01  7.5007093E+00
  4.0878633E-01  7.5045729E+00
  4.0911941E-01  7.5084353E+00
  4.0945248E-01  7.5122964E+00
  4.0978556E-01  7.5161563E+00
  4.1011864E-01  7.5200149E+00
  4.1045172E-01  7.5238724E+00
  4.1078479E-01  7.5277285E+00
  4.1111787E-01  7.5315835E+00
  4.1145095E-01  7.5354372E+00
  4.1178403E-01  7.5392897E+00
  4.1211711E-01  7.5431409E+00
  4.1245018E-01  7.5469909E+00
  4.1278326E-01  7.5508397E+00
  4.1311634E-01  7.5546873E+00
  4.1344942E-01  7.5585337E+00
  4.1378249E-01  7.5623789E+00
  4.1411557E-01  7.5662228E+00
  4.1444865E-01  7.5700655E+00
  4.1478173E-01  7.5739071E+00
  4.1511480E-01  7.5777474E+00
  4.1544788E-01  7.5815865E+00
  4.1578096E-01  7.5854245E+00
  4.1611404E-01  7.5892612E+00
  4.1644712E-01  7.5930967E+00
  4.1678019E-01  7.5969311E+00
  4.1711327E-01  7.6007642E+00
  4.1744635E-01  7.6045962E+00
  4.1777943E-01  7.6084270E+00
  4.1811250E-01  7.6122566E+00
  4.1844558E-01  7.6160850E+00
  4.1877866E-01  7.6199123E+00
  4.1911174E-01  7.6237383E+00
  4.1944481E-01  7.6275632E+00
  4.1977789E-01  7.6313870E+00
  4.2011097E-01  7.6352095E+00
  4.2044405E-01  7.6390309E+00
  4.2077713E-01  7.6428512E+00
  4.2111020E-01  7.6466703E+00
  4.2144328E-01  7.6504882E+00
  4.2177636E-01  7.6543050E+00
  4.2210944E-01  7.6581206E+00
  4.2244251E-01  7.6619350E+00
  4.2277559E-01  7.6657484E+00
  4.2310867E-01  7.6695605E+00
  4.2344175E-01  7.6733716E+00
  4.2377482E-01  7.6771815E+00
  4.2410790E-01  7.6809902E+00
  4.2444098E-01  7.6847979E+00
  4.2477406E-01  7.6886044E+00
  4.2510714E-01  7.6924097E+00
  4.2544021E-01  7.6962139E+00
  4.2577329E-01  7.7000171E+00
  4.2610637E-01  7.7038190E+00
  4.2643945E-01  7.7076199E+00
  4.2677252E-01  7.7114197E+00
  4.2710560E-01  7.7152183E+00
  4.2743868E-01  7.7190158E+00
  4.2777176E-01  7.7228122E+00
  4.2810483E-01  7.7266075E+00
  4.2843791E-01  7.7304017E+00
  4.2877099E-01  7.7341948E+00
  4.2910407E-01  7.7379868E+00
  4.2943715E-01  7.7417777E+00
  4.2977022E-01  7.7455675E+00
  4.3010330E-01  7.7493562E+00
  4.3043638E-01  7.7531438E+00
  4.3076946E-01  7.7569304E+00
  4.3110253E-01  7.7607158E+00
  4.3143561E-01  7.7645002E+00
  4.3176869E-01  7.7682835E+00
  4.3210177E-01  7.7720657E+00
  4.3243484E-01  7.7758468E+00
  4.3276792E-01  7.7796268E+00
  4.3310100E-01  7.7834058E+00
  4.3343408E-01  7.7871837E+00
  4.3376716E-01  7.7909606E+00
  4.3410023E-01  7.7947364E+00
  4.3443331E-01  7.7985111E+00
  4.3476639E-01  7.8022847E+00
  4.3509947E-01  7.8060573E+00
  4.3543254E-01  7.8098289E+00
  4.3576562E-01  7.8135994E+00
  4.3609870E-01  7.8173688E+00
  4.3643178E-01  7.8211372E+00
  4.3676485E-01  7.8249046E+00
  4.3709793E-01  7.8286709E+00
  4.3743101E-01  7.8324362E+00
  4.3776409E-01  7.8362004E+00
  4.3809717E-01  7.8399636E+00
  4.3843024E-01  7.8437258E+00
  4.3876332E-01  7.8474869E+00
  4.3909640E-01  7.8512471E+00
  4.3942948E-01  7.8550061E+00
  4.3976255E-01  7.8587642E+00
  4.4009563E-01  7.8625213E+00
  4.4042871E-01  7.8662773E+00
  4.4076179E-01  7.8700323E+00
  4.4109486E-01  7.8737863E+00
  4.4142794E-01  7.8775393E+00
  4.4176102E-01  7.8812913E+00
  4.4209410E-01  7.8850422E+00
  4.4242718E-01  7.8887922E+00
  4.4276025E-01  7.8925412E+00
  4.4309333E-01  7.8962892E+00
  4.4342641E-01  7.9000361E+00
  4.4375949E-01  7.9037821E+00
  4.4409256E-01  7.9075271E+00
  4.4442564E-01  7.9112711E+00
  4.4475872E-01  7.9150141E+00
  4.4509180E-01  7.9187561E+00
  4.4542487E-01  7.9224972E+00
  4.4575795E-01  7.9262373E+00
  4.4609103E-01  7.9299764E+00
  4.4642411E-01  7.9337145E+00
  4.4675719E-01  7.9374516E+00
  4.4709026E-01  7.9411878E+00
  4.4742334E-01  7.9449230E+00
  4.4775642E-01  7.9486572E+00
  4.4808950E-01  7.9523905E+00
  4.4842257E-01  7.9561228E+00
  4.4875565E-01  7.9598542E+00
  4.4908873E-01  7.9635846E+00
  4.4942181E-01  7.9673141E+00
  4.4975488E-01  7.9710426E+00
  4.5008796E-01  7.9747701E+00
  4.5042104E-01  7.9784967E+00
  4.5075412E-01  7.9822224E+00
  4.5108720E-01  7.9859471E+00
  4.5142027E-01  7.9896709E+00
  4.5175335E-01  7.9933938E+00
  4.5208643E-01  7.9971157E+00
  4.5241951E-01  8.0008367E+00
  4.5275258E-01  8.0045567E+00
  4.5308566E-01  8.0082758E+00
  4.5341874E-01  8.0119940E+00
  4.5375182E-01  8.0157113E+00
  4.5408489E-01  8.0194277E+00
  4.5441797E-01  8.0231431E+00
  4.5475105E-01  8.0268577E+00
  4.5508413E-01  8.0305713E+00
  4.5541721E-01  8.0342840E+00
  4.5575028E-01  8.0379958E+00
  4.5608336E-01  8.0417067E+00
  4.5641644E-01  8.0454167E+00
  4.5674952E-01  8.0491258E+00
  4.5708259E-01  8.0528339E+00
  4.5741567E-01  8.0565412E+00
  4.5774875E-01  8.0602476E+00
  4.5808183E-01  8.0639532E+00
  4.5841490E-01  8.0676578E+00
  4.5874798E-01  8.0713615E+00
  4.5908106E-01  8.0750644E+00
  4.5941414E-01  8.0787663E+00
  4.5974722E-01  8.0824674E+00
  4.6008029E-01  8.0861676E+00
  4.6041337E-01  8.0898670E+00
  4.6074645E-01  8.0935654E+00
  4.6107953E-01  8.0972630E+00
  4.6141260E-01  8.1009598E+00
  4.6174568E-01  8.1046556E+00
  4.6207876E-01  8.1083506E+00
  4.6241184E-01  8.1120448E+00
  4.6274491E-01  8.1157381E+00
  4.6307799E-01  8.1194305E+00
  4.6341107E-01  8.1231221E+00
  4.6374415E-01  8.1268128E+00
  4.6407723E-01  8.1305027E+00
  4.6441030E-01  8.1341917E+00
  4.6474338E-01  8.1378799E+00
  4.6507646E-01  8.1415672E+00
  4.6540954E-01  8.1452537E+00
  4.6574261E-01  8.1489394E+00
  4.6607569E-01  8.1526242E+00
  4.6640877E-01  8.1563082E+00
  4.6674185E-01  8.1599914E+00
  4.6707492E-01  8.1636737E+00
  4.6740800E-01  8.1673552E+00
  4.6774108E-01  8.1710359E+00
  4.6807416E-01  8.1747158E+00
  4.6840724E-01  8.1783949E+00
  4.6874031E-01  8.1820731E+00
  4.6907339E-01  8.1857505E+00
  4.6940647E-01  8.1894272E+00
  4.6973955E-01  8.1931030E+00
  4.7007262E-01  8.1967780E+00
  4.7040570E-01  8.2004522E+00
  4.7073878E-01  8.2041256E+00
  4.7107186E-01  8.2077982E+00
  4.7140493E-01  8.2114700E+00
  4.7173801E-01  8.2151410E+00
  4.7207109E-01  8.2188112E+00
  4.7240417E-01  8.2224806E+00
  4.7273725E-01  8.2261492E+00
  4.7307032E-01  8.2298171E+00
  4.7340340E-01  8.2334842E+00
  4.7373648E-01  8.2371505E+00
  4.7406956E-01  8.2408160E+00
  4.7440263E-01  8.2444807E+00
  4.7473571E-01  8.2481447E+00
  4.7506879E-01  8.2518078E+00
  4.7540187E-01  8.2554703E+00
  4.7573494E-01  8.2591319E+00
  4.7606802E-01  8.2627928E+00
  4.7640110E-01  8.2664529E+00
  4.7673418E-01  8.2701123E+00
  4.7706726E-01  8.2737709E+00
  4.7740033E-01  8.2774288E+00
  4.7773341E-01  8.2810859E+00
  4.7806649E-01  8.2847422E+00
  4.7839957E-01  8.2883978E+00
  4.7873264E-01  8.2920527E+00
  4.7906572E-01  8.2957068E+00
  4.7939880E-01  8.2993602E+00
  4.7973188E-01  8.3030128E+00
  4.8006495E-01  8.3066647E+00
  4.8039803E-01  8.3103159E+00
  4.8073111E-01  8.3139664E+00
  4.8106419E-01  8.3176161E+00
  4.8139727E-01  8.3212650E+00
  4.8173034E-01  8.3249133E+00
  4.8206342E-01  8.3285608E+00
  4.8239650E-01  8.3322076E+00
  4.8272958E-01  8.3358537E+00
  4.8306265E-01  8.3394991E+00
  4.8339573E-01  8.3431438E+00
  4.8372881E-01  8.3467878E+00
  4.8406189E-01  8.3504310E+00
  4.8439496E-01  8.3540736E+00
  4.8472804E-01  8.3577154E+00
  4.8506112E-01  8.3613565E+00
  4.8539420E-01  8.3649970E+00
  4.8572728E-01  8.3686367E+00
  4.8606035E-01  8.3722758E+00
  4.8639343E-01  8.3759141E+00
  4.8672651E-01  8.3795518E+00
  4.8705959E-01  8.3831888E+00
  4.8739266E-01  8.3868251E+00
  4.8772574E-01  8.3904607E+00
  4.8805882E-01  8.3940956E+00
  4.8839190E-01  8.3977299E+00
  4.8872497E-01  8.4013635E+00
  4.8905805E-01  8.4049964E+00
  4.8939113E-01  8.4086286E+00
  4.8972421E-01  8.4122602E+00
  4.9005729E-01  8.4158911E+00
  4.9039036E-01  8.4195213E+00
  4.9072344E-01  8.4231509E+00
  4.9105652E-01  8.4267798E+00
  4.9138960E-01  8.4304080E+00
  4.9172267E-01  8.4340357E+00
  4.9205575E-01  8.4376626E+00
  4.9238883E-01  8.4412889E+00
  4.9272191E-01  8.4449146E+00
  4.9305498E-01  8.4485396E+00
  4.9338806E-01  8.4521639E+00
  4.9372114E-01  8.4557876E+00
  4.9405422E-01  8.4594107E+00
  4.9438730E-01  8.4630332E+00
  4.9472037E-01  8.4666550E+00
  4.9505345E-01  8.4702762E+00
  4.9538653E-01  8.4738967E+00
  4.9571961E-01  8.4775166E+00
  4.9605268E-01  8.4811359E+00
  4.9638576E-01  8.4847546E+00
  4.9671884E-01  8.4883727E+00
  4.9705192E-01  8.4919901E+00
  4.9738499E-01  8.4956069E+00
  4.9771807E-01  8.4992231E+00
  4.9805115E-01  8.5028387E+00
  4.9838423E-01  8.5064537E+00
  4.9871731E-01  8.5100681E+00
  4.9905038E-01  8.5136819E+00
  4.9938346E-01  8.5172951E+00
  4.9971654E-01  8.5209076E+00
  5.0004962E-01  8.5245196E+00
  5.0038269E-01  8.5281310E+00
  5.0071577E-01  8.5317418E+00
  5.0104885E-01  8.5353520E+00
  5.0138193E-01  8.5389616E+00
  5.0171501E-01  8.5425706E+00
  5.0204808E-01  8.5461791E+00
  5.0238116E-01  8.5497869E+00
  5.0271424E-01  8.5533942E+00
  5.0304732E-01  8.5570009E+00
  5.0338039E-01  8.5606071E+00
  5.0371347E-01  8.5642126E+00
  5.0404655E-01  8.5678176E+00
  5.0437963E-01  8.5714220E+00
  5.0471270E-01  8.5750259E+00
  5.0504578E-01  8.5786292E+00
  5.0537886E-01  8.5822319E+00
  5.0571194E-01  8.5858341E+00
  5.0604502E-01  8.5894357E+00
  5.0637809E-01  8.5930368E+00
  5.0671117E-01  8.5966373E+00
  5.0704425E-01  8.6002373E+00
  5.0737733E-01  8.6038367E+00
  5.0771040E-01  8.6074356E+00
  5.0804348E-01  8.6110339E+00
  5.0837656E-01  8.6146317E+00
  5.0870964E-01  8.6182290E+00
  5.0904271E-01  8.6218257E+00
  5.0937579E-01  8.6254219E+00
  5.0970887E-01  8.6290175E+00
  5.1004195E-01  8.6326127E+00
  5.1037503E-01  8.6362073E+00
  5.1070810E-01  8.6398013E+00
  5.1104118E-01  8.6433949E+00
  5.1137426E-01  8.6469879E+00
  5.1170734E-01  8.6505805E+00
  5.1204041E-01  8.6541725E+00
  5.1237349E-01  8.6577640E+00
  5.1270657E-01  8.6613549E+00
  5.1303965E-01  8.6649454E+00
  5.1337272E-01  8.6685354E+00
  5.1370580E-01  8.6721248E+00
  5.1403888E-01  8.6757138E+00
  5.1437196E-01  8.6793023E+00
  5.1470504E-01  8.6828903E+00
  5.1503811E-01  8.6864777E+00
  5.1537119E-01  8.6900647E+00
  5.1570427E-01  8.6936512E+00
  5.1603735E-01  8.6972372E+00
  5.1637042E-01  8.7008227E+00
  5.1670350E-01  8.7044078E+00
  5.1703658E-01  8.7079923E+00
  5.1736966E-01  8.7115764E+00
  5.1770273E-01  8.7151600E+00
  5.1803581E-01  8.7187432E+00
  5.1836889E-01  8.7223258E+00
  5.1870197E-01  8.7259080E+00
  5.1903505E-01  8.7294897E+00
  5.1936812E-01  8.7330710E+00
  5.1970120E-01  8.7366518E+00
  5.2003428E-01  8.7402322E+00
  5.2036736E-01  8.7438120E+00
  5.2070043E-01  8.7473915E+00
  5.2103351E-01  8.7509704E+00
  5.2136659E-01  8.7545490E+00
  5.2169967E-01  8.7581270E+00
  5.2203274E-01  8.7617047E+00
  5.2236582E-01  8.7652818E+00
  5.2269890E-01  8.7688586E+00
  5.2303198E-01  8.7724349E+00
  5.2336506E-01  8.7760108E+00
  5.2369813E-01  8.7795862E+00
  5.2403121E-01  8.7831612E+00
  5.2436429E-01  8.7867358E+00
  5.2469737E-01  8.7903099E+00
  5.2503044E-01  8.7938836E+00
  5.2536352E-01  8.7974569E+00
  5.2569660E-01  8.8010298E+00
  5.2602968E-01  8.8046022E+00
  5.2636275E-01  8.8081743E+00
  5.2669583E-01  8.8117459E+00
  5.2702891E-01  8.8153171E+00
  5.2736199E-01  8.8188879E+00
  5.2769507E-01  8.8224583E+00
  5.2802814E-01  8.8260283E+00
  5.2836122E-01  8.8295978E+00
  5.2869430E-01  8.8331670E+00
  5.2902738E-01  8.8367358E+00
  5.2936045E-01  8.8403042E+00
  5.2969353E-01  8.8438722E+00
  5.3002661E-01  8.8474398E+00
  5.3035969E-01  8.8510070E+00
  5.3069276E-01  8.8545738E+00
  5.3102584E-01  8.8581403E+00
  5.3135892E-01  8.8617063E+00
  5.3169200E-01  8.8652720E+00
  5.3202508E-01  8.8688373E+00
  5.3235815E-01  8.8724022E+00
  5.3269123E-01  8.8759668E+00
  5.3302431E-01  8.8795310E+00
  5.3335739E-01  8.8830948E+00
  5.3369046E-01  8.8866582E+00
  5.3402354E-01  8.8902213E+00
  5.3435662E-01  8.8937840E+00
  5.3468970E-01  8.8973464E+00
  5.3502277E-01  8.9009084E+00
  5.3535585E-01  8.9044701E+00
  5.3568893E-01  8.9080313E+00
  5.3602201E-01  8.9115923E+00
  5.3635509E-01  8.9151529E+00
  5.3668816E-01  8.9187131E+00
  5.3702124E-01  8.9222730E+00
  5.3735432E-01  8.9258326E+00
  5.3768740E-01  8.9293918E+00
  5.3802047E-01  8.9329507E+00
  5.3835355E-01  8.9365093E+00
  5.3868663E-01  8.9400675E+00
  5.3901971E-01  8.9436254E+00
  5.3935278E-01  8.9471829E+00
  5.3968586E-01  8.9507402E+00
  5.4001894E-01  8.9542971E+00
  5.4035202E-01  8.9578537E+00
  5.4068510E-01  8.9614100E+00
  5.4101817E-01  8.9649659E+00
  5.4135125E-01  8.9685216E+00
  5.4168433E-01  8.9720769E+00
  5.4201741E-01  8.9756319E+00
  5.4235048E-01  8.9791866E+00
  5.4268356E-01  8.9827410E+00
  5.4301664E-01  8.9862951E+00
  5.4334972E-01  8.9898489E+00
  5.4368279E-01  8.9934025E+00
  5.4401587E-01  8.9969557E+00
  5.4434895E-01  9.0005086E+00
  5.4468203E-01  9.0040612E+00
  5.4501511E-01  9.0076135E+00
  5.4534818E-01  9.0111656E+00
  5.4568126E-01  9.0147174E+00
  5.4601434E-01  9.0182688E+00
  5.4634742E-01  9.0218200E+00
  5.4668049E-01  9.0253710E+00
  5.4701357E-01  9.0289216E+00
  5.4734665E-01  9.0324720E+00
  5.4767973E-01  9.0360221E+00
  5.4801280E-01  9.0395719E+00
  5.4834588E-01  9.0431215E+00
  5.4867896E-01  9.0466708E+00
  5.4901204E-01  9.0502198E+00
  5.4934512E-01  9.0537686E+00
  5.4967819E-01  9.0573171E+00
  5.5001127E-01  9.0608654E+00
  5.5034435E-01  9.0644134E+00
  5.5067743E-01  9.0679612E+00
  5.5101050E-01  9.0715087E+00
  5.5134358E-01  9.0750560E+00
  5.5167666E-01  9.0786030E+00
  5.5200974E-01  9.0821498E+00
  5.5234281E-01  9.0856963E+00
  5.5267589E-01  9.0892426E+00
  5.5300897E-01  9.0927887E+00
  5.5334205E-01  9.0963345E+00
  5.5367513E-01  9.0998801E+00
  5.5400820E-01  9.1034255E+00
  5.5434128E-01  9.1069707E+00
  5.5467436E-01  9.1105156E+00
  5.5500744E-01  9.1140603E+00
  5.5534051E-01  9.1176048E+00
  5.5567359E-01  9.1211491E+00
  5.5600667E-01  9.1246931E+00
  5.5633975E-01  9.1282370E+00
  5.5667282E-01  9.1317806E+00
  5.5700590E-01  9.1353241E+00
  5.5733898E-01  9.1388673E+00
  5.5767206E-01  9.1424103E+00
  5.5800514E-01  9.1459531E+00
  5.5833821E-01  9.1494958E+00
  5.5867129E-01  9.1530382E+00
  5.5900437E-01  9.1565804E+00
  5.5933745E-01  9.1601225E+00
  5.5967052E-01  9.1636643E+00
  5.6000360E-01  9.1672060E+00
  5.6033668E-01  9.1707474E+00
  5.6066976E-01  9.1742887E+00
  5.6100283E-01  9.1778299E+00
  5.6133591E-01  9.1813708E+00
  5.6166899E-01  9.1849116E+00
  5.6200207E-01  9.1884522E+00
  5.6233515E-01  9.1919926E+00
  5.6266822E-01  9.1955328E+00
  5.6300130E-01  9.1990729E+00
  5.6333438E-01  9.2026128E+00
  5.6366746E-01  9.2061526E+00
  5.6400053E-01  9.2096922E+00
  5.6433361E-01  9.2132316E+00
  5.6466669E-01  9.2167709E+00
  5.6499977E-01  9.2203100E+00
  5.6533284E-01  9.2238490E+00
  5.6566592E-01  9.2273878E+00
  5.6599900E-01  9.2309265E+00
  5.6633208E-01  9.2344650E+00
  5.6666516E-01  9.2380034E+00
  5.6699823E-01  9.2415417E+00
  5.6733131E-01  9.2450798E+00
  5.6766439E-01  9.2486178E+00
  5.6799747E-01  9.2521556E+00
  5.6833054E-01  9.2556934E+00
  5.6866362E-01  9.2592310E+00
  5.6899670E-01  9.2627684E+00
  5.6932978E-01  9.2663058E+00
  5.6966285E-01  9.2698430E+00
  5.6999593E-01  9.2733801E+00
  5.7032901E-01  9.2769171E+00
  5.7066209E-01  9.2804539E+00
  5.7099517E-01  9.2839907E+00
  5.7132824E-01  9.2875274E+00
  5.7166132E-01  9.2910639E+00
  5.7199440E-01  9.2946003E+00
  5.7232748E-01  9.2981367E+00
  5.7266055E-01  9.3016729E+00
  5.7299363E-01  9.3052090E+00
  5.7332671E-01  9.3087451E+00
  5.7365979E-01  9.3122810E+00
  5.7399286E-01  9.3158169E+00
  5.7432594E-01  9.3193526E+00
  5.7465902E-01  9.3228883E+00
  5.7499210E-01  9.3264239E+00
  5.7532518E-01  9.3299594E+00
  5.7565825E-01  9.3334948E+00
  5.7599133E-01  9.3370302E+00
  5.7632441E-01  9.3405654E+00
  5.7665749E-01  9.3441006E+00
  5.7699056E-01  9.3476358E+00
  5.7732364E-01  9.3511708E+00
  5.7765672E-01  9.3547058E+00
  5.7798980E-01  9.3582407E+00
  5.7832287E-01  9.3617756E+00
  5.7865595E-01  9.3653104E+00
  5.7898903E-01  9.3688452E+00
  5.7932211E-01  9.3723798E+00
  5.7965519E-01  9.3759145E+00
  5.7998826E-01  9.3794491E+00
  5.8032134E-01  9.3829836E+00
  5.8065442E-01  9.3865181E+00
  5.8098750E-01  9.3900526E+00
  5.8132057E-01  9.3935870E+00
  5.8165365E-01  9.3971213E+00
  5.8198673E-01  9.4006557E+00
  5.8231981E-01  9.4041899E+00
  5.8265288E-01  9.4077242E+00
  5.8298596E-01  9.4112584E+00
  5.8331904E-01  9.4147926E+00
  5.8365212E-01  9.4183268E+00
  5.8398520E-01  9.4218610E+00
  5.8431827E-01  9.4253951E+00
  5.8465135E-01  9.4289292E+00
  5.8498443E-01  9.4324633E+00
  5.8531751E-01  9.4359974E+00
  5.8565058E-01  9.4395315E+00
  5.8598366E-01  9.4430655E+00
  5.8631674E-01  9.4465996E+00
  5.8664982E-01  9.4501336E+00
  5.8698289E-01  9.4536677E+00
  5.8731597E-01  9.4572017E+00
  5.8764905E-01  9.4607358E+00
  5.8798213E-01  9.4642698E+00
  5.8831521E-01  9.4678039E+00
  5.8864828E-01  9.4713380E+00
  5.8898136E-01  9.4748720E+00
  5.8931444E-01  9.4784061E+00
  5.8964752E-01  9.4819402E+00
  5.8998059E-01  9.4854743E+00
  5.9031367E-01  9.4890085E+00
  5.9064675E-01  9.4925427E+00
  5.9097983E-01  9.4960768E+00
  5.9131290E-01  9.4996111E+00
  5.9164598E-01  9.5031453E+00
  5.9197906E-01  9.5066796E+00
  5.9231214E-01  9.5102139E+00
  5.9264522E-01  9.5137482E+00
  5.9297829E-01  9.5172826E+00
  5.9331137E-01  9.5208170E+00
  5.9364445E-01  9.5243515E+00
  5.9397753E-01  9.5278860E+00
  5.9431060E-01  9.5314206E+00
  5.9464368E-01  9.5349552E+00
  5.9497676E-01  9.5384898E+00
  5.9530984E-01  9.5420246E+00
  5.9564291E-01  9.5455593E+00
  5.9597599E-01  9.5490942E+00
  5.9630907E-01  9.5526290E+00
  5.9664215E-01  9.5561640E+00
  5.9697523E-01  9.5596990E+00
  5.9730830E-01  9.5632341E+00
  5.9764138E-01  9.5667693E+00
  5.9797446E-01  9.5703045E+00
  5.9830754E-01  9.5738398E+00
  5.9864061E-01  9.5773752E+00
  5.9897369E-01  9.5809107E+00
  5.9930677E-01  9.5844462E+00
  5.9963985E-01  9.5879818E+00
  5.9997292E-01  9.5915175E+00
  6.0030600E-01  9.5950533E+00
  6.0063908E-01  9.5985892E+00
  6.0097216E-01  9.6021252E+00
  6.0130524E-01  9.6056613E+00
  6.0163831E-01  9.6091975E+00
  6.0197139E-01  9.6127338E+00
  6.0230447E-01  9.6162701E+00
  6.0263755E-01  9.6198066E+00
  6.0297062E-01  9.6233432E+00
  6.0330370E-01  9.6268799E+00
  6.0363678E-01  9.6304167E+00
  6.0396986E-01  9.6339537E+00
  6.0430293E-01  9.6374907E+00
  6.0463601E-01  9.6410279E+00
  6.0496909E-01  9.6445652E+00
  6.0530217E-01  9.6481026E+00
  6.0563525E-01  9.6516401E+00
  6.0596832E-01  9.6551778E+00
  6.0630140E-01  9.6587156E+00
  6.0663448E-01  9.6622535E+00
  6.0696756E-01  9.6657916E+00
  6.0730063E-01  9.6693297E+00
  6.0763371E-01  9.6728681E+00
  6.0796679E-01  9.6764066E+00
  6.0829987E-01  9.6799452E+00
  6.0863294E-01  9.6834839E+00
  6.0896602E-01  9.6870229E+00
  6.0929910E-01  9.6905619E+00
  6.0963218E-01  9.6941011E+00
  6.0996526E-01  9.6976405E+00
  6.1029833E-01  9.7011800E+00
  6.1063141E-01  9.7047197E+00
  6.1096449E-01  9.7082596E+00
  6.1129757E-01  9.7117996E+00
  6.1163064E-01  9.7153398E+00
  6.1196372E-01  9.7188802E+00
  6.1229680E-01  9.7224207E+00
  6.1262988E-01  9.7259614E+00
  6.1296295E-01  9.7295023E+00
  6.1329603E-01  9.7330433E+00
  6.1362911E-01  9.7365846E+00
  6.1396219E-01  9.7401260E+00
  6.1429527E-01  9.7436676E+00
  6.1462834E-01  9.7472094E+00
  6.1496142E-01  9.7507514E+00
  6.1529450E-01  9.7542935E+00
  6.1562758E-01  9.7578359E+00
  6.1596065E-01  9.7613785E+00
  6.1629373E-01  9.7649212E+00
  6.1662681E-01  9.7684642E+00
  6.1695989E-01  9.7720074E+00
  6.1729296E-01  9.7755507E+00
  6.1762604E-01  9.7790943E+00
  6.1795912E-01  9.7826381E+00
  6.1829220E-01  9.7861821E+00
  6.1862528E-01  9.7897264E+00
  6.1895835E-01  9.7932708E+00
  6.1929143E-01  9.7968155E+00
  6.1962451E-01  9.8003604E+00
  6.1995759E-01  9.8039055E+00
  6.2029066E-01  9.8074508E+00
  6.2062374E-01  9.8109964E+00
  6.2095682E-01  9.8145422E+00
  6.2128990E-01  9.8180882E+00
  6.2162297E-01  9.8216345E+00
  6.2195605E-01  9.8251810E+00
  6.2228913E-01  9.8287278E+00
  6.2262221E-01  9.8322748E+00
  6.2295529E-01  9.8358220E+00
  6.2328836E-01  9.8393695E+00
  6.2362144E-01  9.8429172E+00
  6.2395452E-01  9.8464652E+00
  6.2428760E-01  9.8500135E+00
  6.2462067E-01  9.8535620E+00
  6.2495375E-01  9.8571108E+00
  6.2528683E-01  9.8606598E+00
  6.2561991E-01  9.8642091E+00
  6.2595298E-01  9.8677586E+00
  6.2628606E-01  9.8713085E+00
  6.2661914E-01  9.8748586E+00
  6.2695222E-01  9.8784089E+00
  6.2728530E-01  9.8819596E+00
  6.2761837E-01  9.8855105E+00
  6.2795145E-01  9.8890617E+00
  6.2828453E-01  9.8926132E+00
  6.2861761E-01  9.8961650E+00
  6.2895068E-01  9.8997171E+00
  6.2928376E-01  9.9032694E+00
  6.2961684E-01  9.9068221E+00
  6.2994992E-01  9.9103750E+00
  6.3028299E-01  9.9139283E+00
  6.3061607E-01  9.9174818E+00
  6.3094915E-01  9.9210357E+00
  6.3128223E-01  9.9245898E+00
  6.3161531E-01  9.9281443E+00
  6.3194838E-01  9.9316990E+00
  6.3228146E-01  9.9352541E+00
  6.3261454E-01  9.9388095E+00
  6.3294762E-01  9.9423652E+00
  6.3328069E-01  9.9459212E+00
  6.3361377E-01  9.9494776E+00
  6.3394685E-01  9.9530343E+00
  6.3427993E-01  9.9565912E+00
  6.3461300E-01  9.9601486E+00
  6.3494608E-01  9.9637062E+00
  6.3527916E-01  9.9672642E+00
  6.3561224E-01  9.9708225E+00
  6.3594532E-01  9.9743812E+00
  6.3627839E-01  9.9779402E+00
  6.3661147E-01  9.9814995E+00
  6.3694455E-01  9.9850592E+00
  6.3727763E-01  9.9886192E+00
  6.3761070E-01  9.9921796E+00
  6.3794378E-01  9.9957404E+00
  6.3827686E-01  9.9993014E+00
  6.3860994E-01  1.0002863E+01
  6.3894301E-01  1.0006425E+01
  6.3927609E-01  1.0009987E+01
  6.3960917E-01  1.0013549E+01
  6.3994225E-01  1.0017112E+01
  6.4027533E-01  1.0020676E+01
  6.4060840E-01  1.0024239E+01
  6.4094148E-01  1.0027803E+01
  6.4127456E-01  1.0031368E+01
  6.4160764E-01  1.0034932E+01
  6.4194071E-01  1.0038497E+01
  6.4227379E-01  1.0042063E+01
  6.4260687E-01  1.0045629E+01
  6.4293995E-01  1.0049195E+01
  6.4327302E-01  1.0052762E+01
  6.4360610E-01  1.0056329E+01
  6.4393918E-01  1.0059896E+01
  6.4427226E-01  1.0063464E+01
  6.4460534E-01  1.0067032E+01
  6.4493841E-01  1.0070601E+01
  6.4527149E-01  1.0074170E+01
  6.4560457E-01  1.0077740E+01
  6.4593765E-01  1.0081309E+01
  6.4627072E-01  1.0084880E+01
  6.4660380E-01  1.0088450E+01
  6.4693688E-01  1.0092022E+01
  6.4726996E-01  1.0095593E+01
  6.4760303E-01  1.0099165E+01
  6.4793611E-01  1.0102737E+01
  6.4826919E-01  1.0106310E+01
  6.4860227E-01  1.0109883E+01
  6.4893535E-01  1.0113457E+01
  6.4926842E-01  1.0117031E+01
  6.4960150E-01  1.0120606E+01
  6.4993458E-01  1.0124181E+01
  6.5026766E-01  1.0127756E+01
  6.5060073E-01  1.0131332E+01
  6.5093381E-01  1.0134908E+01
  6.5126689E-01  1.0138485E+01
  6.5159997E-01  1.0142062E+01
  6.5193304E-01  1.0145640E+01
  6.5226612E-01  1.0149218E+01
  6.5259920E-01  1.0152796E+01
  6.5293228E-01  1.0156375E+01
  6.5326536E-01  1.0159955E+01
  6.5359843E-01  1.0163535E+01
  6.5393151E-01  1.0167115E+01
  6.5426459E-01  1.0170696E+01
  6.5459767E-01  1.0174277E+01
  6.5493074E-01  1.0177859E+01
  6.5526382E-01  1.0181442E+01
  6.5559690E-01  1.0185024E+01
  6.5592998E-01  1.0188608E+01
  6.5626305E-01  1.0192191E+01
  6.5659613E-01  1.0195775E+01
  6.5692921E-01  1.0199360E+01
  6.5726229E-01  1.0202945E+01
  6.5759537E-01  1.0206531E+01
  6.5792844E-01  1.0210117E+01
  6.5826152E-01  1.0213704E+01
  6.5859460E-01  1.0217291E+01
  6.5892768E-01  1.0220879E+01
  6.5926075E-01  1.0224467E+01
  6.5959383E-01  1.0228056E+01
  6.5992691E-01  1.0231645E+01
  6.6025999E-01  1.0235234E+01
  6.6059306E-01  1.0238825E+01
  6.6092614E-01  1.0242415E+01
  6.6125922E-01  1.0246007E+01
  6.6159230E-01  1.0249598E+01
  6.6192538E-01  1.0253191E+01
  6.6225845E-01  1.0256784E+01
  6.6259153E-01  1.0260377E+01
  6.6292461E-01  1.0263971E+01
  6.6325769E-01  1.0267565E+01
  6.6359076E-01  1.0271160E+01
  6.6392384E-01  1.0274756E+01
  6.6425692E-01  1.0278352E+01
  6.6459000E-01  1.0281948E+01
  6.6492307E-01  1.0285545E+01
  6.6525615E-01  1.0289143E+01
  6.6558923E-01  1.0292741E+01
  6.6592231E-01  1.0296340E+01
  6.6625539E-01  1.0299939E+01
  6.6658846E-01  1.0303539E+01
  6.6692154E-01  1.0307140E+01
  6.6725462E-01  1.0310741E+01
  6.6758770E-01  1.0314342E+01
  6.6792077E-01  1.0317944E+01
  6.6825385E-01  1.0321547E+01
  6.6858693E-01  1.0325150E+01
  6.6892001E-01  1.0328754E+01
  6.6925308E-01  1.0332359E+01
  6.6958616E-01  1.0335964E+01
  6.6991924E-01  1.0339569E+01
  6.7025232E-01  1.0343175E+01
  6.7058540E-01  1.0346782E+01
  6.7091847E-01  1.0350390E+01
  6.7125155E-01  1.0353998E+01
  6.7158463E-01  1.0357606E+01
  6.7191771E-01  1.0361215E+01
  6.7225078E-01  1.0364825E+01
  6.7258386E-01  1.0368435E+01
  6.7291694E-01  1.0372046E+01
  6.7325002E-01  1.0375658E+01
  6.7358309E-01  1.0379270E+01
  6.7391617E-01  1.0382883E+01
  6.7424925E-01  1.0386496E+01
  6.7458233E-01  1.0390110E+01
  6.7491541E-01  1.0393725E+01
  6.7524848E-01  1.0397340E+01
  6.7558156E-01  1.0400956E+01
  6.7591464E-01  1.0404572E+01
  6.7624772E-01  1.0408189E+01
  6.7658079E-01  1.0411807E+01
  6.7691387E-01  1.0415426E+01
  6.7724695E-01  1.0419045E+01
  6.7758003E-01  1.0422664E+01
  6.7791310E-01  1.0426285E+01
  6.7824618E-01  1.0429906E+01
  6.7857926E-01  1.0433527E+01
  6.7891234E-01  1.0437149E+01
  6.7924542E-01  1.0440772E+01
  6.7957849E-01  1.0444396E+01
  6.7991157E-01  1.0448020E+01
  6.8024465E-01  1.0451645E+01
  6.8057773E-01  1.0455270E+01
  6.8091080E-01  1.0458897E+01
  6.8124388E-01  1.0462524E+01
  6.8157696E-01  1.0466151E+01
  6.8191004E-01  1.0469779E+01
  6.8224311E-01  1.0473408E+01
  6.8257619E-01  1.0477038E+01
  6.8290927E-01  1.0480668E+01
  6.8324235E-01  1.0484299E+01
  6.8357543E-01  1.0487930E+01
  6.8390850E-01  1.0491563E+01
  6.8424158E-01  1.0495196E+01
  6.8457466E-01  1.0498829E+01
  6.8490774E-01  1.0502464E+01
  6.8524081E-01  1.0506099E+01
  6.8557389E-01  1.0509734E+01
  6.8590697E-01  1.0513371E+01
  6.8624005E-01  1.0517008E+01
  6.8657312E-01  1.0520646E+01
  6.8690620E-01  1.0524284E+01
  6.8723928E-01  1.0527924E+01
  6.8757236E-01  1.0531564E+01
  6.8790544E-01  1.0535204E+01
  6.8823851E-01  1.0538846E+01
  6.8857159E-01  1.0542488E+01
  6.8890467E-01  1.0546131E+01
  6.8923775E-01  1.0549774E+01
  6.8957082E-01  1.0553419E+01
  6.8990390E-01  1.0557064E+01
  6.9023698E-01  1.0560710E+01
  6.9057006E-01  1.0564356E+01
  6.9090313E-01  1.0568003E+01
  6.9123621E-01  1.0571651E+01
  6.9156929E-01  1.0575300E+01
  6.9190237E-01  1.0578950E+01
  6.9223545E-01  1.0582600E+01
  6.9256852E-01  1.0586251E+01
  6.9290160E-01  1.0589903E+01
  6.9323468E-01  1.0593555E+01
  6.9356776E-01  1.0597208E+01
  6.9390083E-01  1.0600862E+01
  6.9423391E-01  1.0604517E+01
  6.9456699E-01  1.0608173E+01
  6.9490007E-01  1.0611829E+01
  6.9523314E-01  1.0615486E+01
  6.9556622E-01  1.0619144E+01
  6.9589930E-01  1.0622803E+01
  6.9623238E-01  1.0626462E+01
  6.9656546E-01  1.0630122E+01
  6.9689853E-01  1.0633783E+01
  6.9723161E-01  1.0637445E+01
  6.9756469E-01  1.0641108E+01
  6.9789777E-01  1.0644771E+01
  6.9823084E-01  1.0648435E+01
  6.9856392E-01  1.0652100E+01
  6.9889700E-01  1.0655766E+01
  6.9923008E-01  1.0659433E+01
  6.9956315E-01  1.0663100E+01
  6.9989623E-01  1.0666768E+01
  7.0022931E-01  1.0670437E+01
  7.0056239E-01  1.0674107E+01
  7.0089547E-01  1.0677778E+01
  7.0122854E-01  1.0681449E+01
  7.0156162E-01  1.0685121E+01
  7.0189470E-01  1.0688794E+01
  7.0222778E-01  1.0692468E+01
  7.0256085E-01  1.0696143E+01
  7.0289393E-01  1.0699819E+01
  7.0322701E-01  1.0703495E+01
  7.0356009E-01  1.0707172E+01
  7.0389316E-01  1.0710850E+01
  7.0422624E-01  1.0714529E+01
  7.0455932E-01  1.0718209E+01
  7.0489240E-01  1.0721890E+01
  7.0522548E-01  1.0725571E+01
  7.0555855E-01  1.0729253E+01
  7.0589163E-01  1.0732936E+01
  7.0622471E-01  1.0736620E+01
  7.0655779E-01  1.0740305E+01
  7.0689086E-01  1.0743991E+01
  7.0722394E-01  1.0747678E+01
  7.0755702E-01  1.0751365E+01
  7.0789010E-01  1.0755053E+01
  7.0822317E-01  1.0758743E+01
  7.0855625E-01  1.0762433E+01
  7.0888933E-01  1.0766124E+01
  7.0922241E-01  1.0769816E+01
  7.0955549E-01  1.0773508E+01
  7.0988856E-01  1.0777202E+01
  7.1022164E-01  1.0780896E+01
  7.1055472E-01  1.0784592E+01
  7.1088780E-01  1.0788288E+01
  7.1122087E-01  1.0791985E+01
  7.1155395E-01  1.0795683E+01
  7.1188703E-01  1.0799382E+01
  7.1222011E-01  1.0803082E+01
  7.1255318E-01  1.0806783E+01
  7.1288626E-01  1.0810485E+01
  7.1321934E-01  1.0814187E+01
  7.1355242E-01  1.0817891E+01
  7.1388550E-01  1.0821595E+01
  7.1421857E-01  1.0825301E+01
  7.1455165E-01  1.0829007E+01
  7.1488473E-01  1.0832714E+01
  7.1521781E-01  1.0836422E+01
  7.1555088E-01  1.0840131E+01
  7.1588396E-01  1.0843841E+01
  7.1621704E-01  1.0847552E+01
  7.1655012E-01  1.0851264E+01
  7.1688319E-01  1.0854977E+01
  7.1721627E-01  1.0858691E+01
  7.1754935E-01  1.0862405E+01
  7.1788243E-01  1.0866121E+01
  7.1821551E-01  1.0869838E+01
  7.1854858E-01  1.0873555E+01
  7.1888166E-01  1.0877274E+01
  7.1921474E-01  1.0880993E+01
  7.1954782E-01  1.0884714E+01
  7.1988089E-01  1.0888435E+01
  7.2021397E-01  1.0892157E+01
  7.2054705E-01  1.0895881E+01
  7.2088013E-01  1.0899605E+01
  7.2121320E-01  1.0903330E+01
  7.2154628E-01  1.0907056E+01
  7.2187936E-01  1.0910784E+01
  7.2221244E-01  1.0914512E+01
  7.2254552E-01  1.0918241E+01
  7.2287859E-01  1.0921971E+01
  7.2321167E-01  1.0925702E+01
  7.2354475E-01  1.0929435E+01
  7.2387783E-01  1.0933168E+01
  7.2421090E-01  1.0936902E+01
  7.2454398E-01  1.0940637E+01
  7.2487706E-01  1.0944373E+01
  7.2521014E-01  1.0948111E+01
  7.2554321E-01  1.0951849E+01
  7.2587629E-01  1.0955588E+01
  7.2620937E-01  1.0959328E+01
  7.2654245E-01  1.0963069E+01
  7.2687553E-01  1.0966812E+01
  7.2720860E-01  1.0970555E+01
  7.2754168E-01  1.0974299E+01
  7.2787476E-01  1.0978045E+01
  7.2820784E-01  1.0981791E+01
  7.2854091E-01  1.0985538E+01
  7.2887399E-01  1.0989287E+01
  7.2920707E-01  1.0993036E+01
  7.2954015E-01  1.0996787E+01
  7.2987322E-01  1.1000538E+01
  7.3020630E-01  1.1004291E+01
  7.3053938E-01  1.1008045E+01
  7.3087246E-01  1.1011800E+01
  7.3120554E-01  1.1015555E+01
  7.3153861E-01  1.1019312E+01
  7.3187169E-01  1.1023070E+01
  7.3220477E-01  1.1026829E+01
  7.3253785E-01  1.1030589E+01
  7.3287092E-01  1.1034350E+01
  7.3320400E-01  1.1038112E+01
  7.3353708E-01  1.1041876E+01
  7.3387016E-01  1.1045640E+01
  7.3420323E-01  1.1049405E+01
  7.3453631E-01  1.1053172E+01
  7.3486939E-01  1.1056939E+01
  7.3520247E-01  1.1060708E+01
  7.3553555E-01  1.1064478E+01
  7.3586862E-01  1.1068249E+01
  7.3620170E-01  1.1072021E+01
  7.3653478E-01  1.1075794E+01
  7.3686786E-01  1.1079568E+01
  7.3720093E-01  1.1083343E+01
  7.3753401E-01  1.1087119E+01
  7.3786709E-01  1.1090897E+01
  7.3820017E-01  1.1094676E+01
  7.3853324E-01  1.1098455E+01
  7.3886632E-01  1.1102236E+01
  7.3919940E-01  1.1106018E+01
  7.3953248E-01  1.1109801E+01
  7.3986556E-01  1.1113585E+01
  7.4019863E-01  1.1117371E+01
  7.4053171E-01  1.1121157E+01
  7.4086479E-01  1.1124945E+01
  7.4119787E-01  1.1128733E+01
  7.4153094E-01  1.1132523E+01
  7.4186402E-01  1.1136314E+01
  7.4219710E-01  1.1140107E+01
  7.4253018E-01  1.1143900E+01
  7.4286325E-01  1.1147694E+01
  7.4319633E-01  1.1151490E+01
  7.4352941E-01  1.1155287E+01
  7.4386249E-01  1.1159085E+01
  7.4419557E-01  1.1162884E+01
  7.4452864E-01  1.1166684E+01
  7.4486172E-01  1.1170486E+01
  7.4519480E-01  1.1174288E+01
  7.4552788E-01  1.1178092E+01
  7.4586095E-01  1.1181897E+01
  7.4619403E-01  1.1185703E+01
  7.4652711E-01  1.1189510E+01
  7.4686019E-01  1.1193319E+01
  7.4719326E-01  1.1197129E+01
  7.4752634E-01  1.1200940E+01
  7.4785942E-01  1.1204752E+01
  7.4819250E-01  1.1208565E+01
  7.4852558E-01  1.1212380E+01
  7.4885865E-01  1.1216195E+01
  7.4919173E-01  1.1220012E+01
  7.4952481E-01  1.1223830E+01
  7.4985789E-01  1.1227650E+01
  7.5019096E-01  1.1231470E+01
  7.5052404E-01  1.1235292E+01
  7.5085712E-01  1.1239115E+01
  7.5119020E-01  1.1242939E+01
  7.5152327E-01  1.1246765E+01
  7.5185635E-01  1.1250591E+01
  7.5218943E-01  1.1254419E+01
  7.5252251E-01  1.1258248E+01
  7.5285559E-01  1.1262079E+01
  7.5318866E-01  1.1265910E+01
  7.5352174E-01  1.1269743E+01
  7.5385482E-01  1.1273577E+01
  7.5418790E-01  1.1277413E+01
  7.5452097E-01  1.1281249E+01
  7.5485405E-01  1.1285087E+01
  7.5518713E-01  1.1288926E+01
  7.5552021E-01  1.1292766E+01
  7.5585328E-01  1.1296608E+01
  7.5618636E-01  1.1300451E+01
  7.5651944E-01  1.1304295E+01
  7.5685252E-01  1.1308141E+01
  7.5718560E-01  1.1311987E+01
  7.5751867E-01  1.1315835E+01
  7.5785175E-01  1.1319685E+01
  7.5818483E-01  1.1323535E+01
  7.5851791E-01  1.1327387E+01
  7.5885098E-01  1.1331240E+01
  7.5918406E-01  1.1335095E+01
  7.5951714E-01  1.1338950E+01
  7.5985022E-01  1.1342807E+01
  7.6018329E-01  1.1346666E+01
  7.6051637E-01  1.1350525E+01
  7.6084945E-01  1.1354386E+01
  7.6118253E-01  1.1358248E+01
  7.6151561E-01  1.1362112E+01
  7.6184868E-01  1.1365977E+01
  7.6218176E-01  1.1369843E+01
  7.6251484E-01  1.1373711E+01
  7.6284792E-01  1.1377579E+01
  7.6318099E-01  1.1381450E+01
  7.6351407E-01  1.1385321E+01
  7.6384715E-01  1.1389194E+01
  7.6418023E-01  1.1393068E+01
  7.6451330E-01  1.1396944E+01
  7.6484638E-01  1.1400820E+01
  7.6517946E-01  1.1404699E+01
  7.6551254E-01  1.1408578E+01
  7.6584562E-01  1.1412459E+01
  7.6617869E-01  1.1416341E+01
  7.6651177E-01  1.1420225E+01
  7.6684485E-01  1.1424110E+01
  7.6717793E-01  1.1427996E+01
  7.6751100E-01  1.1431884E+01
  7.6784408E-01  1.1435773E+01
  7.6817716E-01  1.1439663E+01
  7.6851024E-01  1.1443555E+01
  7.6884331E-01  1.1447448E+01
  7.6917639E-01  1.1451343E+01
  7.6950947E-01  1.1455239E+01
  7.6984255E-01  1.1459136E+01
  7.7017563E-01  1.1463035E+01
  7.7050870E-01  1.1466935E+01
  7.7084178E-01  1.1470837E+01
  7.7117486E-01  1.1474739E+01
  7.7150794E-01  1.1478644E+01
  7.7184101E-01  1.1482550E+01
  7.7217409E-01  1.1486457E+01
  7.7250717E-01  1.1490365E+01
  7.7284025E-01  1.1494275E+01
  7.7317332E-01  1.1498187E+01
  7.7350640E-01  1.1502099E+01
  7.7383948E-01  1.1506013E+01
  7.7417256E-01  1.1509929E+01
  7.7450564E-01  1.1513846E+01
  7.7483871E-01  1.1517765E+01
  7.7517179E-01  1.1521685E+01
  7.7550487E-01  1.1525606E+01
  7.7583795E-01  1.1529529E+01
  7.7617102E-01  1.1533453E+01
  7.7650410E-01  1.1537379E+01
  7.7683718E-01  1.1541306E+01
  7.7717026E-01  1.1545235E+01
  7.7750333E-01  1.1549165E+01
  7.7783641E-01  1.1553096E+01
  7.7816949E-01  1.1557029E+01
  7.7850257E-01  1.1560964E+01
  7.7883565E-01  1.1564899E+01
  7.7916872E-01  1.1568837E+01
  7.7950180E-01  1.1572776E+01
  7.7983488E-01  1.1576716E+01
  7.8016796E-01  1.1580658E+01
  7.8050103E-01  1.1584601E+01
  7.8083411E-01  1.1588546E+01
  7.8116719E-01  1.1592492E+01
  7.8150027E-01  1.1596440E+01
  7.8183334E-01  1.1600389E+01
  7.8216642E-01  1.1604340E+01
  7.8249950E-01  1.1608292E+01
  7.8283258E-01  1.1612246E+01
  7.8316566E-01  1.1616201E+01
  7.8349873E-01  1.1620158E+01
  7.8383181E-01  1.1624116E+01
  7.8416489E-01  1.1628076E+01
  7.8449797E-01  1.1632038E+01
  7.8483104E-01  1.1636000E+01
  7.8516412E-01  1.1639965E+01
  7.8549720E-01  1.1643931E+01
  7.8583028E-01  1.1647898E+01
  7.8616335E-01  1.1651867E+01
  7.8649643E-01  1.1655838E+01
  7.8682951E-01  1.1659810E+01
  7.8716259E-01  1.1663784E+01
  7.8749567E-01  1.1667759E+01
  7.8782874E-01  1.1671735E+01
  7.8816182E-01  1.1675714E+01
  7.8849490E-01  1.1679694E+01
  7.8882798E-01  1.1683675E+01
  7.8916105E-01  1.1687658E+01
  7.8949413E-01  1.1691642E+01
  7.8982721E-01  1.1695629E+01
  7.9016029E-01  1.1699616E+01
  7.9049336E-01  1.1703606E+01
  7.9082644E-01  1.1707596E+01
  7.9115952E-01  1.1711589E+01
  7.9149260E-01  1.1715583E+01
  7.9182568E-01  1.1719578E+01
  7.9215875E-01  1.1723576E+01
  7.9249183E-01  1.1727574E+01
  7.9282491E-01  1.1731575E+01
  7.9315799E-01  1.1735577E+01
  7.9349106E-01  1.1739580E+01
  7.9382414E-01  1.1743586E+01
  7.9415722E-01  1.1747592E+01
  7.9449030E-01  1.1751601E+01
  7.9482337E-01  1.1755611E+01
  7.9515645E-01  1.1759623E+01
  7.9548953E-01  1.1763636E+01
  7.9582261E-01  1.1767651E+01
  7.9615569E-01  1.1771667E+01
  7.9648876E-01  1.1775686E+01
  7.9682184E-01  1.1779705E+01
  7.9715492E-01  1.1783727E+01
  7.9748800E-01  1.1787750E+01
  7.9782107E-01  1.1791775E+01
  7.9815415E-01  1.1795801E+01
  7.9848723E-01  1.1799829E+01
  7.9882031E-01  1.1803859E+01
  7.9915338E-01  1.1807890E+01
  7.9948646E-01  1.1811923E+01
  7.9981954E-01  1.1815958E+01
  8.0015262E-01  1.1819994E+01
  8.0048570E-01  1.1824033E+01
  8.0081877E-01  1.1828072E+01
  8.0115185E-01  1.1832114E+01
  8.0148493E-01  1.1836157E+01
  8.0181801E-01  1.1840202E+01
  8.0215108E-01  1.1844248E+01
  8.0248416E-01  1.1848296E+01
  8.0281724E-01  1.1852346E+01
  8.0315032E-01  1.1856398E+01
  8.0348339E-01  1.1860451E+01
  8.0381647E-01  1.1864506E+01
  8.0414955E-01  1.1868563E+01
  8.0448263E-01  1.1872621E+01
  8.0481571E-01  1.1876681E+01
  8.0514878E-01  1.1880743E+01
  8.0548186E-01  1.1884807E+01
  8.0581494E-01  1.1888872E+01
  8.0614802E-01  1.1892939E+01
  8.0648109E-01  1.1897008E+01
  8.0681417E-01  1.1901078E+01
  8.0714725E-01  1.1905150E+01
  8.0748033E-01  1.1909224E+01
  8.0781340E-01  1.1913300E+01
  8.0814648E-01  1.1917378E+01
  8.0847956E-01  1.1921457E+01
  8.0881264E-01  1.1925538E+01
  8.0914572E-01  1.1929621E+01
  8.0947879E-01  1.1933705E+01
  8.0981187E-01  1.1937791E+01
  8.1014495E-01  1.1941879E+01
  8.1047803E-01  1.1945969E+01
  8.1081110E-01  1.1950061E+01
  8.1114418E-01  1.1954154E+01
  8.1147726E-01  1.1958249E+01
  8.1181034E-01  1.1962346E+01
  8.1214341E-01  1.1966445E+01
  8.1247649E-01  1.1970545E+01
  8.1280957E-01  1.1974648E+01
  8.1314265E-01  1.1978752E+01
  8.1347573E-01  1.1982858E+01
  8.1380880E-01  1.1986965E+01
  8.1414188E-01  1.1991075E+01
  8.1447496E-01  1.1995186E+01
  8.1480804E-01  1.1999300E+01
  8.1514111E-01  1.2003415E+01
  8.1547419E-01  1.2007531E+01
  8.1580727E-01  1.2011650E+01
  8.1614035E-01  1.2015770E+01
  8.1647342E-01  1.2019893E+01
  8.1680650E-01  1.2024017E+01
  8.1713958E-01  1.2028143E+01
  8.1747266E-01  1.2032271E+01
  8.1780574E-01  1.2036400E+01
  8.1813881E-01  1.2040532E+01
  8.1847189E-01  1.2044665E+01
  8.1880497E-01  1.2048801E+01
  8.1913805E-01  1.2052938E+01
  8.1947112E-01  1.2057077E+01
  8.1980420E-01  1.2061218E+01
  8.2013728E-01  1.2065360E+01
  8.2047036E-01  1.2069505E+01
  8.2080343E-01  1.2073651E+01
  8.2113651E-01  1.2077800E+01
  8.2146959E-01  1.2081950E+01
  8.2180267E-01  1.2086102E+01
  8.2213575E-01  1.2090256E+01
  8.2246882E-01  1.2094412E+01
  8.2280190E-01  1.2098570E+01
  8.2313498E-01  1.2102729E+01
  8.2346806E-01  1.2106891E+01
  8.2380113E-01  1.2111055E+01
  8.2413421E-01  1.2115220E+01
  8.2446729E-01  1.2119387E+01
  8.2480037E-01  1.2123557E+01
  8.2513344E-01  1.2127728E+01
  8.2546652E-01  1.2131901E+01
  8.2579960E-01  1.2136076E+01
  8.2613268E-01  1.2140253E+01
  8.2646576E-01  1.2144432E+01
  8.2679883E-01  1.2148613E+01
  8.2713191E-01  1.2152796E+01
  8.2746499E-01  1.2156981E+01
  8.2779807E-01  1.2161167E+01
  8.2813114E-01  1.2165356E+01
  8.2846422E-01  1.2169547E+01
  8.2879730E-01  1.2173739E+01
  8.2913038E-01  1.2177934E+01
  8.2946345E-01  1.2182131E+01
  8.2979653E-01  1.2186329E+01
  8.3012961E-01  1.2190530E+01
  8.3046269E-01  1.2194732E+01
  8.3079577E-01  1.2198937E+01
  8.3112884E-01  1.2203143E+01
  8.3146192E-01  1.2207352E+01
  8.3179500E-01  1.2211562E+01
  8.3212808E-01  1.2215775E+01
  8.3246115E-01  1.2219989E+01
  8.3279423E-01  1.2224205E+01
  8.3312731E-01  1.2228424E+01
  8.3346039E-01  1.2232644E+01
  8.3379346E-01  1.2236867E+01
  8.3412654E-01  1.2241092E+01
  8.3445962E-01  1.2245318E+01
  8.3479270E-01  1.2249547E+01
  8.3512578E-01  1.2253777E+01
  8.3545885E-01  1.2258010E+01
  8.3579193E-01  1.2262245E+01
  8.3612501E-01  1.2266481E+01
  8.3645809E-01  1.2270720E+01
  8.3679116E-01  1.2274961E+01
  8.3712424E-01  1.2279204E+01
  8.3745732E-01  1.2283449E+01
  8.3779040E-01  1.2287696E+01
  8.3812347E-01  1.2291945E+01
  8.3845655E-01  1.2296196E+01
  8.3878963E-01  1.2300449E+01
  8.3912271E-01  1.2304705E+01
  8.3945579E-01  1.2308962E+01
  8.3978886E-01  1.2313222E+01
  8.4012194E-01  1.2317483E+01
  8.4045502E-01  1.2321747E+01
  8.4078810E-01  1.2326013E+01
  8.4112117E-01  1.2330280E+01
  8.4145425E-01  1.2334550E+01
  8.4178733E-01  1.2338823E+01
  8.4212041E-01  1.2343097E+01
  8.4245348E-01  1.2347373E+01
  8.4278656E-01  1.2351651E+01
  8.4311964E-01  1.2355932E+01
  8.4345272E-01  1.2360215E+01
  8.4378580E-01  1.2364499E+01
  8.4411887E-01  1.2368786E+01
  8.4445195E-01  1.2373075E+01
  8.4478503E-01  1.2377367E+01
  8.4511811E-01  1.2381660E+01
  8.4545118E-01  1.2385955E+01
  8.4578426E-01  1.2390253E+01
  8.4611734E-01  1.2394553E+01
  8.4645042E-01  1.2398855E+01
  8.4678349E-01  1.2403159E+01
  8.4711657E-01  1.2407465E+01
  8.4744965E-01  1.2411774E+01
  8.4778273E-01  1.2416084E+01
  8.4811581E-01  1.2420397E+01
  8.4844888E-01  1.2424712E+01
  8.4878196E-01  1.2429029E+01
  8.4911504E-01  1.2433349E+01
  8.4944812E-01  1.2437670E+01
  8.4978119E-01  1.2441994E+01
  8.5011427E-01  1.2446320E+01
  8.5044735E-01  1.2450648E+01
  8.5078043E-01  1.2454979E+01
  8.5111350E-01  1.2459311E+01
  8.5144658E-01  1.2463646E+01
  8.5177966E-01  1.2467983E+01
  8.5211274E-01  1.2472322E+01
  8.5244582E-01  1.2476664E+01
  8.5277889E-01  1.2481007E+01
  8.5311197E-01  1.2485353E+01
  8.5344505E-01  1.2489702E+01
  8.5377813E-01  1.2494052E+01
  8.5411120E-01  1.2498405E+01
  8.5444428E-01  1.2502760E+01
  8.5477736E-01  1.2507117E+01
  8.5511044E-01  1.2511476E+01
  8.5544351E-01  1.2515838E+01
  8.5577659E-01  1.2520202E+01
  8.5610967E-01  1.2524568E+01
  8.5644275E-01  1.2528937E+01
  8.5677583E-01  1.2533308E+01
  8.5710890E-01  1.2537681E+01
  8.5744198E-01  1.2542056E+01
  8.5777506E-01  1.2546434E+01
  8.5810814E-01  1.2550814E+01
  8.5844121E-01  1.2555196E+01
  8.5877429E-01  1.2559581E+01
  8.5910737E-01  1.2563968E+01
  8.5944045E-01  1.2568357E+01
  8.5977352E-01  1.2572749E+01
  8.6010660E-01  1.2577143E+01
  8.6043968E-01  1.2581539E+01
  8.6077276E-01  1.2585937E+01
  8.6110584E-01  1.2590338E+01
  8.6143891E-01  1.2594741E+01
  8.6177199E-01  1.2599147E+01
  8.6210507E-01  1.2603555E+01
  8.6243815E-01  1.2607965E+01
  8.6277122E-01  1.2612378E+01
  8.6310430E-01  1.2616792E+01
  8.6343738E-01  1.2621210E+01
  8.6377046E-01  1.2625629E+01
  8.6410353E-01  1.2630051E+01
  8.6443661E-01  1.2634476E+01
  8.6476969E-01  1.2638903E+01
  8.6510277E-01  1.2643332E+01
  8.6543585E-01  1.2647763E+01
  8.6576892E-01  1.2652197E+01
  8.6610200E-01  1.2656634E+01
  8.6643508E-01  1.2661072E+01
  8.6676816E-01  1.2665513E+01
  8.6710123E-01  1.2669957E+01
  8.6743431E-01  1.2674403E+01
  8.6776739E-01  1.2678851E+01
  8.6810047E-01  1.2683302E+01
  8.6843354E-01  1.2687755E+01
  8.6876662E-01  1.2692211E+01
  8.6909970E-01  1.2696669E+01
  8.6943278E-01  1.2701130E+01
  8.6976586E-01  1.2705592E+01
  8.7009893E-01  1.2710058E+01
  8.7043201E-01  1.2714526E+01
  8.7076509E-01  1.2718996E+01
  8.7109817E-01  1.2723469E+01
  8.7143124E-01  1.2727944E+01
  8.7176432E-01  1.2732422E+01
  8.7209740E-01  1.2736902E+01
  8.7243048E-01  1.2741384E+01
  8.7276355E-01  1.2745869E+01
  8.7309663E-01  1.2750357E+01
  8.7342971E-01  1.2754847E+01
  8.7376279E-01  1.2759340E+01
  8.7409587E-01  1.2763835E+01
  8.7442894E-01  1.2768332E+01
  8.7476202E-01  1.2772832E+01
  8.7509510E-01  1.2777335E+01
  8.7542818E-01  1.2781840E+01
  8.7576125E-01  1.2786347E+01
  8.7609433E-01  1.2790858E+01
  8.7642741E-01  1.2795370E+01
  8.7676049E-01  1.2799885E+01
  8.7709356E-01  1.2804403E+01
  8.7742664E-01  1.2808923E+01
  8.7775972E-01  1.2813446E+01
  8.7809280E-01  1.2817971E+01
  8.7842588E-01  1.2822499E+01
  8.7875895E-01  1.2827030E+01
  8.7909203E-01  1.2831563E+01
  8.7942511E-01  1.2836098E+01
  8.7975819E-01  1.2840636E+01
  8.8009126E-01  1.2845177E+01
  8.8042434E-01  1.2849720E+01
  8.8075742E-01  1.2854266E+01
  8.8109050E-01  1.2858814E+01
  8.8142357E-01  1.2863366E+01
  8.8175665E-01  1.2867919E+01
  8.8208973E-01  1.2872475E+01
  8.8242281E-01  1.2877034E+01
  8.8275589E-01  1.2881596E+01
  8.8308896E-01  1.2886160E+01
  8.8342204E-01  1.2890726E+01
  8.8375512E-01  1.2895296E+01
  8.8408820E-01  1.2899867E+01
  8.8442127E-01  1.2904442E+01
  8.8475435E-01  1.2909019E+01
  8.8508743E-01  1.2913599E+01
  8.8542051E-01  1.2918181E+01
  8.8575358E-01  1.2922766E+01
  8.8608666E-01  1.2927354E+01
  8.8641974E-01  1.2931945E+01
  8.8675282E-01  1.2936538E+01
  8.8708590E-01  1.2941133E+01
  8.8741897E-01  1.2945732E+01
  8.8775205E-01  1.2950333E+01
  8.8808513E-01  1.2954937E+01
  8.8841821E-01  1.2959543E+01
  8.8875128E-01  1.2964152E+01
  8.8908436E-01  1.2968764E+01
  8.8941744E-01  1.2973379E+01
  8.8975052E-01  1.2977996E+01
  8.9008359E-01  1.2982616E+01
  8.9041667E-01  1.2987238E+01
  8.9074975E-01  1.2991864E+01
  8.9108283E-01  1.2996492E+01
  8.9141591E-01  1.3001123E+01
  8.9174898E-01  1.3005756E+01
  8.9208206E-01  1.3010392E+01
  8.9241514E-01  1.3015031E+01
  8.9274822E-01  1.3019673E+01
  8.9308129E-01  1.3024318E+01
  8.9341437E-01  1.3028965E+01
  8.9374745E-01  1.3033615E+01
  8.9408053E-01  1.3038268E+01
  8.9441360E-01  1.3042923E+01
  8.9474668E-01  1.3047581E+01
  8.9507976E-01  1.3052243E+01
  8.9541284E-01  1.3056906E+01
  8.9574592E-01  1.3061573E+01
  8.9607899E-01  1.3066242E+01
  8.9641207E-01  1.3070915E+01
  8.9674515E-01  1.3075590E+01
  8.9707823E-01  1.3080268E+01
  8.9741130E-01  1.3084948E+01
  8.9774438E-01  1.3089632E+01
  8.9807746E-01  1.3094318E+01
  8.9841054E-01  1.3099007E+01
  8.9874361E-01  1.3103699E+01
  8.9907669E-01  1.3108394E+01
  8.9940977E-01  1.3113091E+01
  8.9974285E-01  1.3117792E+01
  9.0007593E-01  1.3122495E+01
  9.0040900E-01  1.3127201E+01
  9.0074208E-01  1.3131910E+01
  9.0107516E-01  1.3136622E+01
  9.0140824E-01  1.3141337E+01
  9.0174131E-01  1.3146054E+01
  9.0207439E-01  1.3150775E+01
  9.0240747E-01  1.3155498E+01
  9.0274055E-01  1.3160225E+01
  9.0307362E-01  1.3164954E+01
  9.0340670E-01  1.3169686E+01
  9.0373978E-01  1.3174421E+01
  9.0407286E-01  1.3179158E+01
  9.0440594E-01  1.3183899E+01
  9.0473901E-01  1.3188643E+01
  9.0507209E-01  1.3193389E+01
  9.0540517E-01  1.3198139E+01
  9.0573825E-01  1.3202891E+01
  9.0607132E-01  1.3207647E+01
  9.0640440E-01  1.3212405E+01
  9.0673748E-01  1.3217166E+01
  9.0707056E-01  1.3221930E+01
  9.0740363E-01  1.3226698E+01
  9.0773671E-01  1.3231468E+01
  9.0806979E-01  1.3236241E+01
  9.0840287E-01  1.3241017E+01
  9.0873595E-01  1.3245796E+01
  9.0906902E-01  1.3250578E+01
  9.0940210E-01  1.3255363E+01
  9.0973518E-01  1.3260151E+01
  9.1006826E-01  1.3264942E+01
  9.1040133E-01  1.3269736E+01
  9.1073441E-01  1.3274533E+01
  9.1106749E-01  1.3279333E+01
  9.1140057E-01  1.3284136E+01
  9.1173364E-01  1.3288942E+01
  9.1206672E-01  1.3293751E+01
  9.1239980E-01  1.3298563E+01
  9.1273288E-01  1.3303378E+01
  9.1306596E-01  1.3308196E+01
  9.1339903E-01  1.3313017E+01
  9.1373211E-01  1.3317841E+01
  9.1406519E-01  1.3322669E+01
  9.1439827E-01  1.3327499E+01
  9.1473134E-01  1.3332333E+01
  9.1506442E-01  1.3337169E+01
  9.1539750E-01  1.3342009E+01
  9.1573058E-01  1.3346851E+01
  9.1606365E-01  1.3351697E+01
  9.1639673E-01  1.3356546E+01
  9.1672981E-01  1.3361398E+01
  9.1706289E-01  1.3366253E+01
  9.1739597E-01  1.3371111E+01
  9.1772904E-01  1.3375972E+01
  9.1806212E-01  1.3380836E+01
  9.1839520E-01  1.3385704E+01
  9.1872828E-01  1.3390575E+01
  9.1906135E-01  1.3395448E+01
  9.1939443E-01  1.3400325E+01
  9.1972751E-01  1.3405205E+01
  9.2006059E-01  1.3410088E+01
  9.2039366E-01  1.3414975E+01
  9.2072674E-01  1.3419864E+01
  9.2105982E-01  1.3424757E+01
  9.2139290E-01  1.3429653E+01
  9.2172598E-01  1.3434552E+01
  9.2205905E-01  1.3439454E+01
  9.2239213E-01  1.3444359E+01
  9.2272521E-01  1.3449268E+01
  9.2305829E-01  1.3454180E+01
  9.2339136E-01  1.3459094E+01
  9.2372444E-01  1.3464013E+01
  9.2405752E-01  1.3468934E+01
  9.2439060E-01  1.3473859E+01
  9.2472367E-01  1.3478786E+01
  9.2505675E-01  1.3483717E+01
  9.2538983E-01  1.3488652E+01
  9.2572291E-01  1.3493589E+01
  9.2605599E-01  1.3498530E+01
  9.2638906E-01  1.3503474E+01
  9.2672214E-01  1.3508421E+01
  9.2705522E-01  1.3513372E+01
  9.2738830E-01  1.3518326E+01
  9.2772137E-01  1.3523283E+01
  9.2805445E-01  1.3528243E+01
  9.2838753E-01  1.3533207E+01
  9.2872061E-01  1.3538174E+01
  9.2905368E-01  1.3543144E+01
  9.2938676E-01  1.3548117E+01
  9.2971984E-01  1.3553094E+01
  9.3005292E-01  1.3558074E+01
  9.3038600E-01  1.3563058E+01
  9.3071907E-01  1.3568045E+01
  9.3105215E-01  1.3573035E+01
  9.3138523E-01  1.3578028E+01
  9.3171831E-01  1.3583025E+01
  9.3205138E-01  1.3588025E+01
  9.3238446E-01  1.3593028E+01
  9.3271754E-01  1.3598035E+01
  9.3305062E-01  1.3603045E+01
  9.3338369E-01  1.3608059E+01
  9.3371677E-01  1.3613076E+01
  9.3404985E-01  1.3618096E+01
  9.3438293E-01  1.3623120E+01
  9.3471601E-01  1.3628147E+01
  9.3504908E-01  1.3633178E+01
  9.3538216E-01  1.3638211E+01
  9.3571524E-01  1.3643249E+01
  9.3604832E-01  1.3648289E+01
  9.3638139E-01  1.3653334E+01
  9.3671447E-01  1.3658381E+01
  9.3704755E-01  1.3663432E+01
  9.3738063E-01  1.3668486E+01
  9.3771370E-01  1.3673544E+01
  9.3804678E-01  1.3678606E+01
  9.3837986E-01  1.3683670E+01
  9.3871294E-01  1.3688739E+01
  9.3904602E-01  1.3693810E+01
  9.3937909E-01  1.3698885E+01
  9.3971217E-01  1.3703964E+01
  9.4004525E-01  1.3709046E+01
  9.4037833E-01  1.3714132E+01
  9.4071140E-01  1.3719221E+01
  9.4104448E-01  1.3724313E+01
  9.4137756E-01  1.3729410E+01
  9.4171064E-01  1.3734509E+01
  9.4204371E-01  1.3739612E+01
  9.4237679E-01  1.3744719E+01
  9.4270987E-01  1.3749829E+01
  9.4304295E-01  1.3754943E+01
  9.4337603E-01  1.3760060E+01
  9.4370910E-01  1.3765181E+01
  9.4404218E-01  1.3770305E+01
  9.4437526E-01  1.3775433E+01
  9.4470834E-01  1.3780565E+01
  9.4504141E-01  1.3785700E+01
  9.4537449E-01  1.3790839E+01
  9.4570757E-01  1.3795981E+01
  9.4604065E-01  1.3801127E+01
  9.4637372E-01  1.3806276E+01
  9.4670680E-01  1.3811429E+01
  9.4703988E-01  1.3816586E+01
  9.4737296E-01  1.3821746E+01
  9.4770604E-01  1.3826910E+01
  9.4803911E-01  1.3832077E+01
  9.4837219E-01  1.3837248E+01
  9.4870527E-01  1.3842423E+01
  9.4903835E-01  1.3847602E+01
  9.4937142E-01  1.3852784E+01
  9.4970450E-01  1.3857969E+01
  9.5003758E-01  1.3863159E+01
  9.5037066E-01  1.3868352E+01
  9.5070373E-01  1.3873548E+01
  9.5103681E-01  1.3878749E+01
  9.5136989E-01  1.3883953E+01
  9.5170297E-01  1.3889161E+01
  9.5203605E-01  1.3894372E+01
  9.5236912E-01  1.3899587E+01
  9.5270220E-01  1.3904806E+01
  9.5303528E-01  1.3910029E+01
  9.5336836E-01  1.3915255E+01
  9.5370143E-01  1.3920485E+01
  9.5403451E-01  1.3925719E+01
  9.5436759E-01  1.3930957E+01
  9.5470067E-01  1.3936198E+01
  9.5503374E-01  1.3941443E+01
  9.5536682E-01  1.3946692E+01
  9.5569990E-01  1.3951945E+01
  9.5603298E-01  1.3957201E+01
  9.5636606E-01  1.3962461E+01
  9.5669913E-01  1.3967725E+01
  9.5703221E-01  1.3972993E+01
  9.5736529E-01  1.3978265E+01
  9.5769837E-01  1.3983540E+01
  9.5803144E-01  1.3988819E+01
  9.5836452E-01  1.3994102E+01
  9.5869760E-01  1.3999389E+01
  9.5903068E-01  1.4004680E+01
  9.5936375E-01  1.4009975E+01
  9.5969683E-01  1.4015273E+01
  9.6002991E-01  1.4020575E+01
  9.6036299E-01  1.4025881E+01
  9.6069607E-01  1.4031191E+01
  9.6102914E-01  1.4036505E+01
  9.6136222E-01  1.4041823E+01
  9.6169530E-01  1.4047144E+01
  9.6202838E-01  1.4052470E+01
  9.6236145E-01  1.4057799E+01
  9.6269453E-01  1.4063133E+01
  9.6302761E-01  1.4068470E+01
  9.6336069E-01  1.4073811E+01
  9.6369376E-01  1.4079156E+01
  9.6402684E-01  1.4084505E+01
  9.6435992E-01  1.4089858E+01
  9.6469300E-01  1.4095215E+01
  9.6502608E-01  1.4100576E+01
  9.6535915E-01  1.4105941E+01
  9.6569223E-01  1.4111310E+01
  9.6602531E-01  1.4116683E+01
  9.6635839E-01  1.4122059E+01
  9.6669146E-01  1.4127440E+01
  9.6702454E-01  1.4132825E+01
  9.6735762E-01  1.4138214E+01
  9.6769070E-01  1.4143606E+01
  9.6802377E-01  1.4149003E+01
  9.6835685E-01  1.4154404E+01
  9.6868993E-01  1.4159809E+01
  9.6902301E-01  1.4165218E+01
  9.6935609E-01  1.4170631E+01
  9.6968916E-01  1.4176048E+01
  9.7002224E-01  1.4181469E+01
  9.7035532E-01  1.4186894E+01
  9.7068840E-01  1.4192323E+01
  9.7102147E-01  1.4197756E+01
  9.7135455E-01  1.4203194E+01
  9.7168763E-01  1.4208635E+01
  9.7202071E-01  1.4214081E+01
  9.7235378E-01  1.4219530E+01
  9.7268686E-01  1.4224984E+01
  9.7301994E-01  1.4230442E+01
  9.7335302E-01  1.4235904E+01
  9.7368610E-01  1.4241370E+01
  9.7401917E-01  1.4246840E+01
  9.7435225E-01  1.4252315E+01
  9.7468533E-01  1.4257794E+01
  9.7501841E-01  1.4263276E+01
  9.7535148E-01  1.4268763E+01
  9.7568456E-01  1.4274254E+01
  9.7601764E-01  1.4279750E+01
  9.7635072E-01  1.4285249E+01
  9.7668379E-01  1.4290753E+01
  9.7701687E-01  1.4296261E+01
  9.7734995E-01  1.4301773E+01
  9.7768303E-01  1.4307290E+01
  9.7801611E-01  1.4312810E+01
  9.7834918E-01  1.4318335E+01
  9.7868226E-01  1.4323864E+01
  9.7901534E-01  1.4329397E+01
  9.7934842E-01  1.4334935E+01
  9.7968149E-01  1.4340477E+01
  9.8001457E-01  1.4346023E+01
  9.8034765E-01  1.4351574E+01
  9.8068073E-01  1.4357128E+01
  9.8101380E-01  1.4362687E+01
  9.8134688E-01  1.4368251E+01
  9.8167996E-01  1.4373818E+01
  9.8201304E-01  1.4379390E+01
  9.8234612E-01  1.4384967E+01
  9.8267919E-01  1.4390547E+01
  9.8301227E-01  1.4396132E+01
  9.8334535E-01  1.4401722E+01
  9.8367843E-01  1.4407315E+01
  9.8401150E-01  1.4412913E+01
  9.8434458E-01  1.4418516E+01
  9.8467766E-01  1.4424123E+01
  9.8501074E-01  1.4429734E+01
  9.8534381E-01  1.4435349E+01
  9.8567689E-01  1.4440969E+01
  9.8600997E-01  1.4446594E+01
  9.8634305E-01  1.4452223E+01
  9.8667613E-01  1.4457856E+01
  9.8700920E-01  1.4463494E+01
  9.8734228E-01  1.4469136E+01
  9.8767536E-01  1.4474782E+01
  9.8800844E-01  1.4480433E+01
  9.8834151E-01  1.4486089E+01
  9.8867459E-01  1.4491749E+01
  9.8900767E-01  1.4497414E+01
  9.8934075E-01  1.4503083E+01
  9.8967382E-01  1.4508756E+01
  9.9000690E-01  1.4514434E+01
  9.9033998E-01  1.4520117E+01
  9.9067306E-01  1.4525804E+01
  9.9100614E-01  1.4531495E+01
  9.9133921E-01  1.4537191E+01
  9.9167229E-01  1.4542892E+01
  9.9200537E-01  1.4548597E+01
  9.9233845E-01  1.4554307E+01
  9.9267152E-01  1.4560021E+01
  9.9300460E-01  1.4565740E+01
  9.9333768E-01  1.4571464E+01
  9.9367076E-01  1.4577192E+01
  9.9400383E-01  1.4582924E+01
  9.9433691E-01  1.4588662E+01
  9.9466999E-01  1.4594404E+01
  9.9500307E-01  1.4600150E+01
  9.9533615E-01  1.4605902E+01
  9.9566922E-01  1.4611657E+01
  9.9600230E-01  1.4617418E+01
  9.9633538E-01  1.4623183E+01
  9.9666846E-01  1.4628953E+01
  9.9700153E-01  1.4634727E+01
  9.9733461E-01  1.4640507E+01
  9.9766769E-01  1.4646291E+01
  9.9800077E-01  1.4652079E+01
  9.9833384E-01  1.4657873E+01
  9.9866692E-01  1.4663671E+01
