# PC-SAFT-Titan -- Daniel Cordier
# https://www.researchgate.net/profile/Daniel_Cordier
# http://orcid.org/0000-0003-4515-6271
#
# Computation date: 07/07/2021 -- 20h 48min 42s
# Temperature:   115.00 K
# Species 1: N2    
# Species 2: CH4   
#
# xN2 (liq)      P (bar)      
  1.0000000E-04  1.3223434E+00
  4.3307769E-04  1.3320632E+00
  7.6615539E-04  1.3417763E+00
  1.0992331E-03  1.3514825E+00
  1.4323108E-03  1.3611818E+00
  1.7653885E-03  1.3708744E+00
  2.0984662E-03  1.3805601E+00
  2.4315438E-03  1.3902390E+00
  2.7646215E-03  1.3999112E+00
  3.0976992E-03  1.4095765E+00
  3.4307769E-03  1.4192350E+00
  3.7638546E-03  1.4288868E+00
  4.0969323E-03  1.4385318E+00
  4.4300100E-03  1.4481700E+00
  4.7630877E-03  1.4578014E+00
  5.0961654E-03  1.4674261E+00
  5.4292431E-03  1.4770440E+00
  5.7623208E-03  1.4866552E+00
  6.0953985E-03  1.4962597E+00
  6.4284762E-03  1.5058574E+00
  6.7615539E-03  1.5154483E+00
  7.0946315E-03  1.5250326E+00
  7.4277092E-03  1.5346101E+00
  7.7607869E-03  1.5441810E+00
  8.0938646E-03  1.5537451E+00
  8.4269423E-03  1.5633025E+00
  8.7600200E-03  1.5728532E+00
  9.0930977E-03  1.5823973E+00
  9.4261754E-03  1.5919347E+00
  9.7592531E-03  1.6014654E+00
  1.0092331E-02  1.6109894E+00
  1.0425408E-02  1.6205068E+00
  1.0758486E-02  1.6300175E+00
  1.1091564E-02  1.6395216E+00
  1.1424642E-02  1.6490190E+00
  1.1757719E-02  1.6585098E+00
  1.2090797E-02  1.6679940E+00
  1.2423875E-02  1.6774715E+00
  1.2756952E-02  1.6869424E+00
  1.3090030E-02  1.6964068E+00
  1.3423108E-02  1.7058645E+00
  1.3756185E-02  1.7153156E+00
  1.4089263E-02  1.7247601E+00
  1.4422341E-02  1.7341981E+00
  1.4755418E-02  1.7436294E+00
  1.5088496E-02  1.7530542E+00
  1.5421574E-02  1.7624725E+00
  1.5754652E-02  1.7718841E+00
  1.6087729E-02  1.7812893E+00
  1.6420807E-02  1.7906878E+00
  1.6753885E-02  1.8000799E+00
  1.7086962E-02  1.8094654E+00
  1.7420040E-02  1.8188443E+00
  1.7753118E-02  1.8282168E+00
  1.8086195E-02  1.8375827E+00
  1.8419273E-02  1.8469421E+00
  1.8752351E-02  1.8562951E+00
  1.9085428E-02  1.8656415E+00
  1.9418506E-02  1.8749814E+00
  1.9751584E-02  1.8843149E+00
  2.0084662E-02  1.8936419E+00
  2.0417739E-02  1.9029624E+00
  2.0750817E-02  1.9122764E+00
  2.1083895E-02  1.9215840E+00
  2.1416972E-02  1.9308852E+00
  2.1750050E-02  1.9401799E+00
  2.2083128E-02  1.9494681E+00
  2.2416205E-02  1.9587499E+00
  2.2749283E-02  1.9680253E+00
  2.3082361E-02  1.9772943E+00
  2.3415438E-02  1.9865569E+00
  2.3748516E-02  1.9958130E+00
  2.4081594E-02  2.0050628E+00
  2.4414672E-02  2.0143062E+00
  2.4747749E-02  2.0235431E+00
  2.5080827E-02  2.0327737E+00
  2.5413905E-02  2.0419979E+00
  2.5746982E-02  2.0512158E+00
  2.6080060E-02  2.0604273E+00
  2.6413138E-02  2.0696324E+00
  2.6746215E-02  2.0788312E+00
  2.7079293E-02  2.0880236E+00
  2.7412371E-02  2.0972097E+00
  2.7745448E-02  2.1063895E+00
  2.8078526E-02  2.1155629E+00
  2.8411604E-02  2.1247301E+00
  2.8744682E-02  2.1338909E+00
  2.9077759E-02  2.1430454E+00
  2.9410837E-02  2.1521936E+00
  2.9743915E-02  2.1613355E+00
  3.0076992E-02  2.1704711E+00
  3.0410070E-02  2.1796004E+00
  3.0743148E-02  2.1887235E+00
  3.1076225E-02  2.1978403E+00
  3.1409303E-02  2.2069508E+00
  3.1742381E-02  2.2160551E+00
  3.2075458E-02  2.2251532E+00
  3.2408536E-02  2.2342449E+00
  3.2741614E-02  2.2433305E+00
  3.3074692E-02  2.2524098E+00
  3.3407769E-02  2.2614829E+00
  3.3740847E-02  2.2705498E+00
  3.4073925E-02  2.2796104E+00
  3.4407002E-02  2.2886649E+00
  3.4740080E-02  2.2977132E+00
  3.5073158E-02  2.3067552E+00
  3.5406235E-02  2.3157911E+00
  3.5739313E-02  2.3248208E+00
  3.6072391E-02  2.3338443E+00
  3.6405468E-02  2.3428616E+00
  3.6738546E-02  2.3518728E+00
  3.7071624E-02  2.3608779E+00
  3.7404702E-02  2.3698767E+00
  3.7737779E-02  2.3788695E+00
  3.8070857E-02  2.3878561E+00
  3.8403935E-02  2.3968365E+00
  3.8737012E-02  2.4058109E+00
  3.9070090E-02  2.4147791E+00
  3.9403168E-02  2.4237412E+00
  3.9736245E-02  2.4326972E+00
  4.0069323E-02  2.4416471E+00
  4.0402401E-02  2.4505909E+00
  4.0735478E-02  2.4595286E+00
  4.1068556E-02  2.4684602E+00
  4.1401634E-02  2.4773858E+00
  4.1734712E-02  2.4863052E+00
  4.2067789E-02  2.4952187E+00
  4.2400867E-02  2.5041260E+00
  4.2733945E-02  2.5130273E+00
  4.3067022E-02  2.5219226E+00
  4.3400100E-02  2.5308118E+00
  4.3733178E-02  2.5396950E+00
  4.4066255E-02  2.5485721E+00
  4.4399333E-02  2.5574433E+00
  4.4732411E-02  2.5663084E+00
  4.5065488E-02  2.5751675E+00
  4.5398566E-02  2.5840206E+00
  4.5731644E-02  2.5928677E+00
  4.6064722E-02  2.6017088E+00
  4.6397799E-02  2.6105439E+00
  4.6730877E-02  2.6193731E+00
  4.7063955E-02  2.6281963E+00
  4.7397032E-02  2.6370135E+00
  4.7730110E-02  2.6458247E+00
  4.8063188E-02  2.6546300E+00
  4.8396265E-02  2.6634294E+00
  4.8729343E-02  2.6722228E+00
  4.9062421E-02  2.6810102E+00
  4.9395498E-02  2.6897917E+00
  4.9728576E-02  2.6985673E+00
  5.0061654E-02  2.7073370E+00
  5.0394732E-02  2.7161008E+00
  5.0727809E-02  2.7248587E+00
  5.1060887E-02  2.7336106E+00
  5.1393965E-02  2.7423567E+00
  5.1727042E-02  2.7510969E+00
  5.2060120E-02  2.7598312E+00
  5.2393198E-02  2.7685596E+00
  5.2726275E-02  2.7772821E+00
  5.3059353E-02  2.7859988E+00
  5.3392431E-02  2.7947096E+00
  5.3725509E-02  2.8034146E+00
  5.4058586E-02  2.8121137E+00
  5.4391664E-02  2.8208070E+00
  5.4724742E-02  2.8294944E+00
  5.5057819E-02  2.8381760E+00
  5.5390897E-02  2.8468518E+00
  5.5723975E-02  2.8555218E+00
  5.6057052E-02  2.8641860E+00
  5.6390130E-02  2.8728443E+00
  5.6723208E-02  2.8814969E+00
  5.7056285E-02  2.8901436E+00
  5.7389363E-02  2.8987846E+00
  5.7722441E-02  2.9074198E+00
  5.8055519E-02  2.9160492E+00
  5.8388596E-02  2.9246728E+00
  5.8721674E-02  2.9332907E+00
  5.9054752E-02  2.9419028E+00
  5.9387829E-02  2.9505091E+00
  5.9720907E-02  2.9591097E+00
  6.0053985E-02  2.9677046E+00
  6.0387062E-02  2.9762937E+00
  6.0720140E-02  2.9848772E+00
  6.1053218E-02  2.9934548E+00
  6.1386295E-02  3.0020268E+00
  6.1719373E-02  3.0105930E+00
  6.2052451E-02  3.0191536E+00
  6.2385529E-02  3.0277084E+00
  6.2718606E-02  3.0362576E+00
  6.3051684E-02  3.0448010E+00
  6.3384762E-02  3.0533388E+00
  6.3717839E-02  3.0618709E+00
  6.4050917E-02  3.0703973E+00
  6.4383995E-02  3.0789181E+00
  6.4717072E-02  3.0874332E+00
  6.5050150E-02  3.0959426E+00
  6.5383228E-02  3.1044464E+00
  6.5716305E-02  3.1129446E+00
  6.6049383E-02  3.1214371E+00
  6.6382461E-02  3.1299239E+00
  6.6715539E-02  3.1384052E+00
  6.7048616E-02  3.1468808E+00
  6.7381694E-02  3.1553509E+00
  6.7714772E-02  3.1638153E+00
  6.8047849E-02  3.1722741E+00
  6.8380927E-02  3.1807273E+00
  6.8714005E-02  3.1891749E+00
  6.9047082E-02  3.1976170E+00
  6.9380160E-02  3.2060534E+00
  6.9713238E-02  3.2144843E+00
  7.0046315E-02  3.2229096E+00
  7.0379393E-02  3.2313294E+00
  7.0712471E-02  3.2397436E+00
  7.1045549E-02  3.2481522E+00
  7.1378626E-02  3.2565553E+00
  7.1711704E-02  3.2649529E+00
  7.2044782E-02  3.2733449E+00
  7.2377859E-02  3.2817314E+00
  7.2710937E-02  3.2901124E+00
  7.3044015E-02  3.2984878E+00
  7.3377092E-02  3.3068578E+00
  7.3710170E-02  3.3152222E+00
  7.4043248E-02  3.3235811E+00
  7.4376325E-02  3.3319346E+00
  7.4709403E-02  3.3402825E+00
  7.5042481E-02  3.3486250E+00
  7.5375559E-02  3.3569620E+00
  7.5708636E-02  3.3652935E+00
  7.6041714E-02  3.3736196E+00
  7.6374792E-02  3.3819402E+00
  7.6707869E-02  3.3902553E+00
  7.7040947E-02  3.3985650E+00
  7.7374025E-02  3.4068693E+00
  7.7707102E-02  3.4151681E+00
  7.8040180E-02  3.4234614E+00
  7.8373258E-02  3.4317494E+00
  7.8706335E-02  3.4400319E+00
  7.9039413E-02  3.4483090E+00
  7.9372491E-02  3.4565807E+00
  7.9705569E-02  3.4648470E+00
  8.0038646E-02  3.4731079E+00
  8.0371724E-02  3.4813634E+00
  8.0704802E-02  3.4896135E+00
  8.1037879E-02  3.4978583E+00
  8.1370957E-02  3.5060976E+00
  8.1704035E-02  3.5143316E+00
  8.2037112E-02  3.5225602E+00
  8.2370190E-02  3.5307835E+00
  8.2703268E-02  3.5390014E+00
  8.3036345E-02  3.5472139E+00
  8.3369423E-02  3.5554211E+00
  8.3702501E-02  3.5636230E+00
  8.4035579E-02  3.5718195E+00
  8.4368656E-02  3.5800108E+00
  8.4701734E-02  3.5881966E+00
  8.5034812E-02  3.5963772E+00
  8.5367889E-02  3.6045525E+00
  8.5700967E-02  3.6127224E+00
  8.6034045E-02  3.6208871E+00
  8.6367122E-02  3.6290464E+00
  8.6700200E-02  3.6372005E+00
  8.7033278E-02  3.6453493E+00
  8.7366355E-02  3.6534928E+00
  8.7699433E-02  3.6616310E+00
  8.8032511E-02  3.6697640E+00
  8.8365589E-02  3.6778917E+00
  8.8698666E-02  3.6860142E+00
  8.9031744E-02  3.6941314E+00
  8.9364822E-02  3.7022433E+00
  8.9697899E-02  3.7103500E+00
  9.0030977E-02  3.7184515E+00
  9.0364055E-02  3.7265478E+00
  9.0697132E-02  3.7346388E+00
  9.1030210E-02  3.7427246E+00
  9.1363288E-02  3.7508052E+00
  9.1696365E-02  3.7588806E+00
  9.2029443E-02  3.7669508E+00
  9.2362521E-02  3.7750158E+00
  9.2695599E-02  3.7830756E+00
  9.3028676E-02  3.7911302E+00
  9.3361754E-02  3.7991796E+00
  9.3694832E-02  3.8072239E+00
  9.4027909E-02  3.8152630E+00
  9.4360987E-02  3.8232969E+00
  9.4694065E-02  3.8313257E+00
  9.5027142E-02  3.8393493E+00
  9.5360220E-02  3.8473678E+00
  9.5693298E-02  3.8553811E+00
  9.6026375E-02  3.8633893E+00
  9.6359453E-02  3.8713923E+00
  9.6692531E-02  3.8793902E+00
  9.7025609E-02  3.8873830E+00
  9.7358686E-02  3.8953707E+00
  9.7691764E-02  3.9033533E+00
  9.8024842E-02  3.9113308E+00
  9.8357919E-02  3.9193031E+00
  9.8690997E-02  3.9272704E+00
  9.9024075E-02  3.9352326E+00
  9.9357152E-02  3.9431897E+00
  9.9690230E-02  3.9511417E+00
  1.0002331E-01  3.9590887E+00
  1.0035639E-01  3.9670306E+00
  1.0068946E-01  3.9749674E+00
  1.0102254E-01  3.9828991E+00
  1.0135562E-01  3.9908258E+00
  1.0168870E-01  3.9987475E+00
  1.0202177E-01  4.0066641E+00
  1.0235485E-01  4.0145757E+00
  1.0268793E-01  4.0224823E+00
  1.0302101E-01  4.0303838E+00
  1.0335408E-01  4.0382803E+00
  1.0368716E-01  4.0461718E+00
  1.0402024E-01  4.0540582E+00
  1.0435332E-01  4.0619397E+00
  1.0468640E-01  4.0698162E+00
  1.0501947E-01  4.0776877E+00
  1.0535255E-01  4.0855541E+00
  1.0568563E-01  4.0934156E+00
  1.0601871E-01  4.1012722E+00
  1.0635178E-01  4.1091237E+00
  1.0668486E-01  4.1169703E+00
  1.0701794E-01  4.1248119E+00
  1.0735102E-01  4.1326486E+00
  1.0768409E-01  4.1404803E+00
  1.0801717E-01  4.1483070E+00
  1.0835025E-01  4.1561288E+00
  1.0868333E-01  4.1639457E+00
  1.0901641E-01  4.1717577E+00
  1.0934948E-01  4.1795647E+00
  1.0968256E-01  4.1873668E+00
  1.1001564E-01  4.1951639E+00
  1.1034872E-01  4.2029562E+00
  1.1068179E-01  4.2107436E+00
  1.1101487E-01  4.2185260E+00
  1.1134795E-01  4.2263036E+00
  1.1168103E-01  4.2340763E+00
  1.1201410E-01  4.2418440E+00
  1.1234718E-01  4.2496069E+00
  1.1268026E-01  4.2573650E+00
  1.1301334E-01  4.2651181E+00
  1.1334642E-01  4.2728664E+00
  1.1367949E-01  4.2806098E+00
  1.1401257E-01  4.2883484E+00
  1.1434565E-01  4.2960821E+00
  1.1467873E-01  4.3038110E+00
  1.1501180E-01  4.3115351E+00
  1.1534488E-01  4.3192543E+00
  1.1567796E-01  4.3269686E+00
  1.1601104E-01  4.3346782E+00
  1.1634411E-01  4.3423829E+00
  1.1667719E-01  4.3500828E+00
  1.1701027E-01  4.3577780E+00
  1.1734335E-01  4.3654683E+00
  1.1767643E-01  4.3731538E+00
  1.1800950E-01  4.3808345E+00
  1.1834258E-01  4.3885104E+00
  1.1867566E-01  4.3961815E+00
  1.1900874E-01  4.4038479E+00
  1.1934181E-01  4.4115095E+00
  1.1967489E-01  4.4191663E+00
  1.2000797E-01  4.4268183E+00
  1.2034105E-01  4.4344656E+00
  1.2067412E-01  4.4421081E+00
  1.2100720E-01  4.4497459E+00
  1.2134028E-01  4.4573790E+00
  1.2167336E-01  4.4650073E+00
  1.2200644E-01  4.4726309E+00
  1.2233951E-01  4.4802497E+00
  1.2267259E-01  4.4878638E+00
  1.2300567E-01  4.4954732E+00
  1.2333875E-01  4.5030779E+00
  1.2367182E-01  4.5106779E+00
  1.2400490E-01  4.5182732E+00
  1.2433798E-01  4.5258637E+00
  1.2467106E-01  4.5334496E+00
  1.2500413E-01  4.5410308E+00
  1.2533721E-01  4.5486073E+00
  1.2567029E-01  4.5561791E+00
  1.2600337E-01  4.5637463E+00
  1.2633645E-01  4.5713088E+00
  1.2666952E-01  4.5788666E+00
  1.2700260E-01  4.5864198E+00
  1.2733568E-01  4.5939683E+00
  1.2766876E-01  4.6015121E+00
  1.2800183E-01  4.6090513E+00
  1.2833491E-01  4.6165859E+00
  1.2866799E-01  4.6241159E+00
  1.2900107E-01  4.6316412E+00
  1.2933414E-01  4.6391619E+00
  1.2966722E-01  4.6466779E+00
  1.3000030E-01  4.6541894E+00
  1.3033338E-01  4.6616962E+00
  1.3066646E-01  4.6691985E+00
  1.3099953E-01  4.6766961E+00
  1.3133261E-01  4.6841892E+00
  1.3166569E-01  4.6916776E+00
  1.3199877E-01  4.6991615E+00
  1.3233184E-01  4.7066408E+00
  1.3266492E-01  4.7141155E+00
  1.3299800E-01  4.7215856E+00
  1.3333108E-01  4.7290512E+00
  1.3366415E-01  4.7365122E+00
  1.3399723E-01  4.7439687E+00
  1.3433031E-01  4.7514206E+00
  1.3466339E-01  4.7588679E+00
  1.3499647E-01  4.7663108E+00
  1.3532954E-01  4.7737490E+00
  1.3566262E-01  4.7811828E+00
  1.3599570E-01  4.7886120E+00
  1.3632878E-01  4.7960367E+00
  1.3666185E-01  4.8034569E+00
  1.3699493E-01  4.8108726E+00
  1.3732801E-01  4.8182837E+00
  1.3766109E-01  4.8256904E+00
  1.3799416E-01  4.8330926E+00
  1.3832724E-01  4.8404903E+00
  1.3866032E-01  4.8478834E+00
  1.3899340E-01  4.8552721E+00
  1.3932648E-01  4.8626564E+00
  1.3965955E-01  4.8700361E+00
  1.3999263E-01  4.8774114E+00
  1.4032571E-01  4.8847822E+00
  1.4065879E-01  4.8921486E+00
  1.4099186E-01  4.8995105E+00
  1.4132494E-01  4.9068679E+00
  1.4165802E-01  4.9142209E+00
  1.4199110E-01  4.9215695E+00
  1.4232417E-01  4.9289136E+00
  1.4265725E-01  4.9362533E+00
  1.4299033E-01  4.9435886E+00
  1.4332341E-01  4.9509195E+00
  1.4365649E-01  4.9582459E+00
  1.4398956E-01  4.9655679E+00
  1.4432264E-01  4.9728855E+00
  1.4465572E-01  4.9801988E+00
  1.4498880E-01  4.9875076E+00
  1.4532187E-01  4.9948120E+00
  1.4565495E-01  5.0021120E+00
  1.4598803E-01  5.0094077E+00
  1.4632111E-01  5.0166990E+00
  1.4665418E-01  5.0239859E+00
  1.4698726E-01  5.0312684E+00
  1.4732034E-01  5.0385466E+00
  1.4765342E-01  5.0458204E+00
  1.4798650E-01  5.0530898E+00
  1.4831957E-01  5.0603550E+00
  1.4865265E-01  5.0676157E+00
  1.4898573E-01  5.0748721E+00
  1.4931881E-01  5.0821242E+00
  1.4965188E-01  5.0893720E+00
  1.4998496E-01  5.0966154E+00
  1.5031804E-01  5.1038545E+00
  1.5065112E-01  5.1110893E+00
  1.5098419E-01  5.1183198E+00
  1.5131727E-01  5.1255459E+00
  1.5165035E-01  5.1327678E+00
  1.5198343E-01  5.1399853E+00
  1.5231651E-01  5.1471986E+00
  1.5264958E-01  5.1544076E+00
  1.5298266E-01  5.1616123E+00
  1.5331574E-01  5.1688127E+00
  1.5364882E-01  5.1760088E+00
  1.5398189E-01  5.1832007E+00
  1.5431497E-01  5.1903883E+00
  1.5464805E-01  5.1975717E+00
  1.5498113E-01  5.2047507E+00
  1.5531420E-01  5.2119256E+00
  1.5564728E-01  5.2190962E+00
  1.5598036E-01  5.2262625E+00
  1.5631344E-01  5.2334246E+00
  1.5664652E-01  5.2405825E+00
  1.5697959E-01  5.2477361E+00
  1.5731267E-01  5.2548855E+00
  1.5764575E-01  5.2620307E+00
  1.5797883E-01  5.2691717E+00
  1.5831190E-01  5.2763085E+00
  1.5864498E-01  5.2834411E+00
  1.5897806E-01  5.2905694E+00
  1.5931114E-01  5.2976936E+00
  1.5964421E-01  5.3048136E+00
  1.5997729E-01  5.3119294E+00
  1.6031037E-01  5.3190410E+00
  1.6064345E-01  5.3261484E+00
  1.6097653E-01  5.3332516E+00
  1.6130960E-01  5.3403507E+00
  1.6164268E-01  5.3474456E+00
  1.6197576E-01  5.3545364E+00
  1.6230884E-01  5.3616230E+00
  1.6264191E-01  5.3687055E+00
  1.6297499E-01  5.3757838E+00
  1.6330807E-01  5.3828579E+00
  1.6364115E-01  5.3899279E+00
  1.6397422E-01  5.3969938E+00
  1.6430730E-01  5.4040556E+00
  1.6464038E-01  5.4111132E+00
  1.6497346E-01  5.4181668E+00
  1.6530654E-01  5.4252162E+00
  1.6563961E-01  5.4322615E+00
  1.6597269E-01  5.4393026E+00
  1.6630577E-01  5.4463397E+00
  1.6663885E-01  5.4533727E+00
  1.6697192E-01  5.4604016E+00
  1.6730500E-01  5.4674264E+00
  1.6763808E-01  5.4744472E+00
  1.6797116E-01  5.4814638E+00
  1.6830423E-01  5.4884764E+00
  1.6863731E-01  5.4954849E+00
  1.6897039E-01  5.5024893E+00
  1.6930347E-01  5.5094897E+00
  1.6963655E-01  5.5164860E+00
  1.6996962E-01  5.5234783E+00
  1.7030270E-01  5.5304665E+00
  1.7063578E-01  5.5374507E+00
  1.7096886E-01  5.5444308E+00
  1.7130193E-01  5.5514069E+00
  1.7163501E-01  5.5583790E+00
  1.7196809E-01  5.5653471E+00
  1.7230117E-01  5.5723111E+00
  1.7263424E-01  5.5792711E+00
  1.7296732E-01  5.5862271E+00
  1.7330040E-01  5.5931791E+00
  1.7363348E-01  5.6001271E+00
  1.7396656E-01  5.6070711E+00
  1.7429963E-01  5.6140111E+00
  1.7463271E-01  5.6209471E+00
  1.7496579E-01  5.6278792E+00
  1.7529887E-01  5.6348072E+00
  1.7563194E-01  5.6417313E+00
  1.7596502E-01  5.6486514E+00
  1.7629810E-01  5.6555675E+00
  1.7663118E-01  5.6624797E+00
  1.7696425E-01  5.6693879E+00
  1.7729733E-01  5.6762921E+00
  1.7763041E-01  5.6831924E+00
  1.7796349E-01  5.6900888E+00
  1.7829657E-01  5.6969812E+00
  1.7862964E-01  5.7038697E+00
  1.7896272E-01  5.7107543E+00
  1.7929580E-01  5.7176349E+00
  1.7962888E-01  5.7245116E+00
  1.7996195E-01  5.7313844E+00
  1.8029503E-01  5.7382532E+00
  1.8062811E-01  5.7451182E+00
  1.8096119E-01  5.7519792E+00
  1.8129426E-01  5.7588364E+00
  1.8162734E-01  5.7656896E+00
  1.8196042E-01  5.7725390E+00
  1.8229350E-01  5.7793844E+00
  1.8262658E-01  5.7862260E+00
  1.8295965E-01  5.7930637E+00
  1.8329273E-01  5.7998976E+00
  1.8362581E-01  5.8067275E+00
  1.8395889E-01  5.8135536E+00
  1.8429196E-01  5.8203758E+00
  1.8462504E-01  5.8271942E+00
  1.8495812E-01  5.8340087E+00
  1.8529120E-01  5.8408194E+00
  1.8562427E-01  5.8476262E+00
  1.8595735E-01  5.8544292E+00
  1.8629043E-01  5.8612283E+00
  1.8662351E-01  5.8680236E+00
  1.8695659E-01  5.8748151E+00
  1.8728966E-01  5.8816028E+00
  1.8762274E-01  5.8883866E+00
  1.8795582E-01  5.8951666E+00
  1.8828890E-01  5.9019429E+00
  1.8862197E-01  5.9087153E+00
  1.8895505E-01  5.9154839E+00
  1.8928813E-01  5.9222487E+00
  1.8962121E-01  5.9290097E+00
  1.8995428E-01  5.9357669E+00
  1.9028736E-01  5.9425204E+00
  1.9062044E-01  5.9492700E+00
  1.9095352E-01  5.9560159E+00
  1.9128660E-01  5.9627580E+00
  1.9161967E-01  5.9694964E+00
  1.9195275E-01  5.9762309E+00
  1.9228583E-01  5.9829618E+00
  1.9261891E-01  5.9896888E+00
  1.9295198E-01  5.9964121E+00
  1.9328506E-01  6.0031317E+00
  1.9361814E-01  6.0098475E+00
  1.9395122E-01  6.0165596E+00
  1.9428429E-01  6.0232680E+00
  1.9461737E-01  6.0299726E+00
  1.9495045E-01  6.0366735E+00
  1.9528353E-01  6.0433707E+00
  1.9561661E-01  6.0500641E+00
  1.9594968E-01  6.0567539E+00
  1.9628276E-01  6.0634399E+00
  1.9661584E-01  6.0701222E+00
  1.9694892E-01  6.0768009E+00
  1.9728199E-01  6.0834758E+00
  1.9761507E-01  6.0901471E+00
  1.9794815E-01  6.0968146E+00
  1.9828123E-01  6.1034785E+00
  1.9861430E-01  6.1101387E+00
  1.9894738E-01  6.1167952E+00
  1.9928046E-01  6.1234481E+00
  1.9961354E-01  6.1300972E+00
  1.9994662E-01  6.1367428E+00
  2.0027969E-01  6.1433846E+00
  2.0061277E-01  6.1500228E+00
  2.0094585E-01  6.1566574E+00
  2.0127893E-01  6.1632883E+00
  2.0161200E-01  6.1699156E+00
  2.0194508E-01  6.1765392E+00
  2.0227816E-01  6.1831592E+00
  2.0261124E-01  6.1897756E+00
  2.0294431E-01  6.1963884E+00
  2.0327739E-01  6.2029975E+00
  2.0361047E-01  6.2096030E+00
  2.0394355E-01  6.2162049E+00
  2.0427663E-01  6.2228032E+00
  2.0460970E-01  6.2293979E+00
  2.0494278E-01  6.2359890E+00
  2.0527586E-01  6.2425765E+00
  2.0560894E-01  6.2491604E+00
  2.0594201E-01  6.2557407E+00
  2.0627509E-01  6.2623174E+00
  2.0660817E-01  6.2688906E+00
  2.0694125E-01  6.2754601E+00
  2.0727432E-01  6.2820261E+00
  2.0760740E-01  6.2885886E+00
  2.0794048E-01  6.2951475E+00
  2.0827356E-01  6.3017028E+00
  2.0860664E-01  6.3082545E+00
  2.0893971E-01  6.3148027E+00
  2.0927279E-01  6.3213474E+00
  2.0960587E-01  6.3278885E+00
  2.0993895E-01  6.3344261E+00
  2.1027202E-01  6.3409602E+00
  2.1060510E-01  6.3474907E+00
  2.1093818E-01  6.3540177E+00
  2.1127126E-01  6.3605412E+00
  2.1160433E-01  6.3670611E+00
  2.1193741E-01  6.3735776E+00
  2.1227049E-01  6.3800905E+00
  2.1260357E-01  6.3865999E+00
  2.1293665E-01  6.3931059E+00
  2.1326972E-01  6.3996083E+00
  2.1360280E-01  6.4061072E+00
  2.1393588E-01  6.4126027E+00
  2.1426896E-01  6.4190946E+00
  2.1460203E-01  6.4255831E+00
  2.1493511E-01  6.4320681E+00
  2.1526819E-01  6.4385497E+00
  2.1560127E-01  6.4450277E+00
  2.1593434E-01  6.4515023E+00
  2.1626742E-01  6.4579735E+00
  2.1660050E-01  6.4644412E+00
  2.1693358E-01  6.4709054E+00
  2.1726666E-01  6.4773662E+00
  2.1759973E-01  6.4838235E+00
  2.1793281E-01  6.4902774E+00
  2.1826589E-01  6.4967279E+00
  2.1859897E-01  6.5031749E+00
  2.1893204E-01  6.5096185E+00
  2.1926512E-01  6.5160587E+00
  2.1959820E-01  6.5224954E+00
  2.1993128E-01  6.5289288E+00
  2.2026435E-01  6.5353587E+00
  2.2059743E-01  6.5417852E+00
  2.2093051E-01  6.5482083E+00
  2.2126359E-01  6.5546280E+00
  2.2159667E-01  6.5610444E+00
  2.2192974E-01  6.5674573E+00
  2.2226282E-01  6.5738668E+00
  2.2259590E-01  6.5802730E+00
  2.2292898E-01  6.5866757E+00
  2.2326205E-01  6.5930751E+00
  2.2359513E-01  6.5994712E+00
  2.2392821E-01  6.6058638E+00
  2.2426129E-01  6.6122531E+00
  2.2459436E-01  6.6186390E+00
  2.2492744E-01  6.6250216E+00
  2.2526052E-01  6.6314008E+00
  2.2559360E-01  6.6377767E+00
  2.2592668E-01  6.6441492E+00
  2.2625975E-01  6.6505184E+00
  2.2659283E-01  6.6568843E+00
  2.2692591E-01  6.6632468E+00
  2.2725899E-01  6.6696060E+00
  2.2759206E-01  6.6759618E+00
  2.2792514E-01  6.6823144E+00
  2.2825822E-01  6.6886636E+00
  2.2859130E-01  6.6950095E+00
  2.2892437E-01  6.7013521E+00
  2.2925745E-01  6.7076914E+00
  2.2959053E-01  6.7140274E+00
  2.2992361E-01  6.7203601E+00
  2.3025669E-01  6.7266896E+00
  2.3058976E-01  6.7330157E+00
  2.3092284E-01  6.7393385E+00
  2.3125592E-01  6.7456581E+00
  2.3158900E-01  6.7519743E+00
  2.3192207E-01  6.7582873E+00
  2.3225515E-01  6.7645971E+00
  2.3258823E-01  6.7709035E+00
  2.3292131E-01  6.7772068E+00
  2.3325438E-01  6.7835067E+00
  2.3358746E-01  6.7898034E+00
  2.3392054E-01  6.7960968E+00
  2.3425362E-01  6.8023870E+00
  2.3458670E-01  6.8086740E+00
  2.3491977E-01  6.8149577E+00
  2.3525285E-01  6.8212382E+00
  2.3558593E-01  6.8275154E+00
  2.3591901E-01  6.8337895E+00
  2.3625208E-01  6.8400603E+00
  2.3658516E-01  6.8463279E+00
  2.3691824E-01  6.8525922E+00
  2.3725132E-01  6.8588534E+00
  2.3758439E-01  6.8651113E+00
  2.3791747E-01  6.8713661E+00
  2.3825055E-01  6.8776176E+00
  2.3858363E-01  6.8838660E+00
  2.3891671E-01  6.8901111E+00
  2.3924978E-01  6.8963531E+00
  2.3958286E-01  6.9025919E+00
  2.3991594E-01  6.9088275E+00
  2.4024902E-01  6.9150599E+00
  2.4058209E-01  6.9212892E+00
  2.4091517E-01  6.9275153E+00
  2.4124825E-01  6.9337382E+00
  2.4158133E-01  6.9399580E+00
  2.4191440E-01  6.9461746E+00
  2.4224748E-01  6.9523880E+00
  2.4258056E-01  6.9585983E+00
  2.4291364E-01  6.9648055E+00
  2.4324672E-01  6.9710095E+00
  2.4357979E-01  6.9772104E+00
  2.4391287E-01  6.9834081E+00
  2.4424595E-01  6.9896027E+00
  2.4457903E-01  6.9957942E+00
  2.4491210E-01  7.0019826E+00
  2.4524518E-01  7.0081678E+00
  2.4557826E-01  7.0143499E+00
  2.4591134E-01  7.0205290E+00
  2.4624441E-01  7.0267049E+00
  2.4657749E-01  7.0328777E+00
  2.4691057E-01  7.0390474E+00
  2.4724365E-01  7.0452140E+00
  2.4757673E-01  7.0513775E+00
  2.4790980E-01  7.0575379E+00
  2.4824288E-01  7.0636953E+00
  2.4857596E-01  7.0698495E+00
  2.4890904E-01  7.0760007E+00
  2.4924211E-01  7.0821488E+00
  2.4957519E-01  7.0882939E+00
  2.4990827E-01  7.0944359E+00
  2.5024135E-01  7.1005748E+00
  2.5057442E-01  7.1067106E+00
  2.5090750E-01  7.1128434E+00
  2.5124058E-01  7.1189732E+00
  2.5157366E-01  7.1250999E+00
  2.5190674E-01  7.1312236E+00
  2.5223981E-01  7.1373442E+00
  2.5257289E-01  7.1434618E+00
  2.5290597E-01  7.1495763E+00
  2.5323905E-01  7.1556879E+00
  2.5357212E-01  7.1617964E+00
  2.5390520E-01  7.1679018E+00
  2.5423828E-01  7.1740043E+00
  2.5457136E-01  7.1801038E+00
  2.5490443E-01  7.1862002E+00
  2.5523751E-01  7.1922936E+00
  2.5557059E-01  7.1983841E+00
  2.5590367E-01  7.2044715E+00
  2.5623675E-01  7.2105560E+00
  2.5656982E-01  7.2166374E+00
  2.5690290E-01  7.2227159E+00
  2.5723598E-01  7.2287914E+00
  2.5756906E-01  7.2348639E+00
  2.5790213E-01  7.2409334E+00
  2.5823521E-01  7.2469999E+00
  2.5856829E-01  7.2530635E+00
  2.5890137E-01  7.2591242E+00
  2.5923444E-01  7.2651818E+00
  2.5956752E-01  7.2712365E+00
  2.5990060E-01  7.2772883E+00
  2.6023368E-01  7.2833371E+00
  2.6056676E-01  7.2893829E+00
  2.6089983E-01  7.2954258E+00
  2.6123291E-01  7.3014658E+00
  2.6156599E-01  7.3075029E+00
  2.6189907E-01  7.3135370E+00
  2.6223214E-01  7.3195681E+00
  2.6256522E-01  7.3255964E+00
  2.6289830E-01  7.3316217E+00
  2.6323138E-01  7.3376442E+00
  2.6356445E-01  7.3436637E+00
  2.6389753E-01  7.3496803E+00
  2.6423061E-01  7.3556940E+00
  2.6456369E-01  7.3617048E+00
  2.6489677E-01  7.3677127E+00
  2.6522984E-01  7.3737176E+00
  2.6556292E-01  7.3797198E+00
  2.6589600E-01  7.3857190E+00
  2.6622908E-01  7.3917153E+00
  2.6656215E-01  7.3977088E+00
  2.6689523E-01  7.4036994E+00
  2.6722831E-01  7.4096871E+00
  2.6756139E-01  7.4156719E+00
  2.6789446E-01  7.4216539E+00
  2.6822754E-01  7.4276330E+00
  2.6856062E-01  7.4336093E+00
  2.6889370E-01  7.4395827E+00
  2.6922678E-01  7.4455532E+00
  2.6955985E-01  7.4515209E+00
  2.6989293E-01  7.4574858E+00
  2.7022601E-01  7.4634478E+00
  2.7055909E-01  7.4694070E+00
  2.7089216E-01  7.4753634E+00
  2.7122524E-01  7.4813169E+00
  2.7155832E-01  7.4872676E+00
  2.7189140E-01  7.4932155E+00
  2.7222447E-01  7.4991605E+00
  2.7255755E-01  7.5051028E+00
  2.7289063E-01  7.5110422E+00
  2.7322371E-01  7.5169788E+00
  2.7355679E-01  7.5229127E+00
  2.7388986E-01  7.5288437E+00
  2.7422294E-01  7.5347719E+00
  2.7455602E-01  7.5406974E+00
  2.7488910E-01  7.5466200E+00
  2.7522217E-01  7.5525399E+00
  2.7555525E-01  7.5584570E+00
  2.7588833E-01  7.5643713E+00
  2.7622141E-01  7.5702828E+00
  2.7655448E-01  7.5761916E+00
  2.7688756E-01  7.5820976E+00
  2.7722064E-01  7.5880008E+00
  2.7755372E-01  7.5939013E+00
  2.7788680E-01  7.5997990E+00
  2.7821987E-01  7.6056939E+00
  2.7855295E-01  7.6115861E+00
  2.7888603E-01  7.6174756E+00
  2.7921911E-01  7.6233623E+00
  2.7955218E-01  7.6292463E+00
  2.7988526E-01  7.6351276E+00
  2.8021834E-01  7.6410061E+00
  2.8055142E-01  7.6468819E+00
  2.8088449E-01  7.6527550E+00
  2.8121757E-01  7.6586253E+00
  2.8155065E-01  7.6644929E+00
  2.8188373E-01  7.6703578E+00
  2.8221681E-01  7.6762201E+00
  2.8254988E-01  7.6820796E+00
  2.8288296E-01  7.6879363E+00
  2.8321604E-01  7.6937904E+00
  2.8354912E-01  7.6996418E+00
  2.8388219E-01  7.7054906E+00
  2.8421527E-01  7.7113366E+00
  2.8454835E-01  7.7171799E+00
  2.8488143E-01  7.7230206E+00
  2.8521450E-01  7.7288586E+00
  2.8554758E-01  7.7346939E+00
  2.8588066E-01  7.7405265E+00
  2.8621374E-01  7.7463565E+00
  2.8654682E-01  7.7521838E+00
  2.8687989E-01  7.7580084E+00
  2.8721297E-01  7.7638304E+00
  2.8754605E-01  7.7696497E+00
  2.8787913E-01  7.7754664E+00
  2.8821220E-01  7.7812804E+00
  2.8854528E-01  7.7870918E+00
  2.8887836E-01  7.7929006E+00
  2.8921144E-01  7.7987067E+00
  2.8954451E-01  7.8045102E+00
  2.8987759E-01  7.8103110E+00
  2.9021067E-01  7.8161093E+00
  2.9054375E-01  7.8219049E+00
  2.9087683E-01  7.8276979E+00
  2.9120990E-01  7.8334882E+00
  2.9154298E-01  7.8392760E+00
  2.9187606E-01  7.8450612E+00
  2.9220914E-01  7.8508437E+00
  2.9254221E-01  7.8566237E+00
  2.9287529E-01  7.8624010E+00
  2.9320837E-01  7.8681758E+00
  2.9354145E-01  7.8739480E+00
  2.9387452E-01  7.8797176E+00
  2.9420760E-01  7.8854846E+00
  2.9454068E-01  7.8912490E+00
  2.9487376E-01  7.8970108E+00
  2.9520684E-01  7.9027701E+00
  2.9553991E-01  7.9085268E+00
  2.9587299E-01  7.9142810E+00
  2.9620607E-01  7.9200326E+00
  2.9653915E-01  7.9257816E+00
  2.9687222E-01  7.9315280E+00
  2.9720530E-01  7.9372720E+00
  2.9753838E-01  7.9430133E+00
  2.9787146E-01  7.9487522E+00
  2.9820453E-01  7.9544884E+00
  2.9853761E-01  7.9602222E+00
  2.9887069E-01  7.9659534E+00
  2.9920377E-01  7.9716821E+00
  2.9953685E-01  7.9774082E+00
  2.9986992E-01  7.9831318E+00
  3.0020300E-01  7.9888529E+00
  3.0053608E-01  7.9945715E+00
  3.0086916E-01  8.0002876E+00
  3.0120223E-01  8.0060012E+00
  3.0153531E-01  8.0117122E+00
  3.0186839E-01  8.0174208E+00
  3.0220147E-01  8.0231268E+00
  3.0253454E-01  8.0288304E+00
  3.0286762E-01  8.0345315E+00
  3.0320070E-01  8.0402300E+00
  3.0353378E-01  8.0459261E+00
  3.0386686E-01  8.0516197E+00
  3.0419993E-01  8.0573109E+00
  3.0453301E-01  8.0629995E+00
  3.0486609E-01  8.0686857E+00
  3.0519917E-01  8.0743694E+00
  3.0553224E-01  8.0800507E+00
  3.0586532E-01  8.0857294E+00
  3.0619840E-01  8.0914058E+00
  3.0653148E-01  8.0970796E+00
  3.0686455E-01  8.1027511E+00
  3.0719763E-01  8.1084200E+00
  3.0753071E-01  8.1140866E+00
  3.0786379E-01  8.1197506E+00
  3.0819687E-01  8.1254123E+00
  3.0852994E-01  8.1310715E+00
  3.0886302E-01  8.1367283E+00
  3.0919610E-01  8.1423826E+00
  3.0952918E-01  8.1480346E+00
  3.0986225E-01  8.1536841E+00
  3.1019533E-01  8.1593312E+00
  3.1052841E-01  8.1649758E+00
  3.1086149E-01  8.1706181E+00
  3.1119456E-01  8.1762579E+00
  3.1152764E-01  8.1818954E+00
  3.1186072E-01  8.1875304E+00
  3.1219380E-01  8.1931631E+00
  3.1252688E-01  8.1987934E+00
  3.1285995E-01  8.2044212E+00
  3.1319303E-01  8.2100467E+00
  3.1352611E-01  8.2156698E+00
  3.1385919E-01  8.2212905E+00
  3.1419226E-01  8.2269089E+00
  3.1452534E-01  8.2325248E+00
  3.1485842E-01  8.2381384E+00
  3.1519150E-01  8.2437497E+00
  3.1552457E-01  8.2493585E+00
  3.1585765E-01  8.2549650E+00
  3.1619073E-01  8.2605692E+00
  3.1652381E-01  8.2661710E+00
  3.1685689E-01  8.2717704E+00
  3.1718996E-01  8.2773675E+00
  3.1752304E-01  8.2829623E+00
  3.1785612E-01  8.2885547E+00
  3.1818920E-01  8.2941448E+00
  3.1852227E-01  8.2997325E+00
  3.1885535E-01  8.3053179E+00
  3.1918843E-01  8.3109010E+00
  3.1952151E-01  8.3164818E+00
  3.1985458E-01  8.3220602E+00
  3.2018766E-01  8.3276364E+00
  3.2052074E-01  8.3332102E+00
  3.2085382E-01  8.3387817E+00
  3.2118690E-01  8.3443509E+00
  3.2151997E-01  8.3499178E+00
  3.2185305E-01  8.3554824E+00
  3.2218613E-01  8.3610447E+00
  3.2251921E-01  8.3666047E+00
  3.2285228E-01  8.3721624E+00
  3.2318536E-01  8.3777178E+00
  3.2351844E-01  8.3832710E+00
  3.2385152E-01  8.3888218E+00
  3.2418459E-01  8.3943704E+00
  3.2451767E-01  8.3999168E+00
  3.2485075E-01  8.4054608E+00
  3.2518383E-01  8.4110026E+00
  3.2551691E-01  8.4165421E+00
  3.2584998E-01  8.4220794E+00
  3.2618306E-01  8.4276144E+00
  3.2651614E-01  8.4331471E+00
  3.2684922E-01  8.4386776E+00
  3.2718229E-01  8.4442059E+00
  3.2751537E-01  8.4497319E+00
  3.2784845E-01  8.4552556E+00
  3.2818153E-01  8.4607772E+00
  3.2851460E-01  8.4662965E+00
  3.2884768E-01  8.4718135E+00
  3.2918076E-01  8.4773284E+00
  3.2951384E-01  8.4828410E+00
  3.2984692E-01  8.4883514E+00
  3.3017999E-01  8.4938596E+00
  3.3051307E-01  8.4993655E+00
  3.3084615E-01  8.5048693E+00
  3.3117923E-01  8.5103709E+00
  3.3151230E-01  8.5158702E+00
  3.3184538E-01  8.5213673E+00
  3.3217846E-01  8.5268623E+00
  3.3251154E-01  8.5323551E+00
  3.3284461E-01  8.5378456E+00
  3.3317769E-01  8.5433340E+00
  3.3351077E-01  8.5488202E+00
  3.3384385E-01  8.5543042E+00
  3.3417693E-01  8.5597860E+00
  3.3451000E-01  8.5652657E+00
  3.3484308E-01  8.5707432E+00
  3.3517616E-01  8.5762185E+00
  3.3550924E-01  8.5816917E+00
  3.3584231E-01  8.5871627E+00
  3.3617539E-01  8.5926315E+00
  3.3650847E-01  8.5980982E+00
  3.3684155E-01  8.6035627E+00
  3.3717462E-01  8.6090251E+00
  3.3750770E-01  8.6144853E+00
  3.3784078E-01  8.6199434E+00
  3.3817386E-01  8.6253994E+00
  3.3850694E-01  8.6308532E+00
  3.3884001E-01  8.6363049E+00
  3.3917309E-01  8.6417545E+00
  3.3950617E-01  8.6472019E+00
  3.3983925E-01  8.6526473E+00
  3.4017232E-01  8.6580905E+00
  3.4050540E-01  8.6635315E+00
  3.4083848E-01  8.6689705E+00
  3.4117156E-01  8.6744074E+00
  3.4150463E-01  8.6798421E+00
  3.4183771E-01  8.6852748E+00
  3.4217079E-01  8.6907053E+00
  3.4250387E-01  8.6961338E+00
  3.4283695E-01  8.7015602E+00
  3.4317002E-01  8.7069844E+00
  3.4350310E-01  8.7124066E+00
  3.4383618E-01  8.7178267E+00
  3.4416926E-01  8.7232448E+00
  3.4450233E-01  8.7286607E+00
  3.4483541E-01  8.7340746E+00
  3.4516849E-01  8.7394864E+00
  3.4550157E-01  8.7448962E+00
  3.4583464E-01  8.7503038E+00
  3.4616772E-01  8.7557094E+00
  3.4650080E-01  8.7611130E+00
  3.4683388E-01  8.7665145E+00
  3.4716696E-01  8.7719140E+00
  3.4750003E-01  8.7773114E+00
  3.4783311E-01  8.7827067E+00
  3.4816619E-01  8.7881001E+00
  3.4849927E-01  8.7934913E+00
  3.4883234E-01  8.7988806E+00
  3.4916542E-01  8.8042678E+00
  3.4949850E-01  8.8096530E+00
  3.4983158E-01  8.8150362E+00
  3.5016465E-01  8.8204173E+00
  3.5049773E-01  8.8257964E+00
  3.5083081E-01  8.8311735E+00
  3.5116389E-01  8.8365486E+00
  3.5149697E-01  8.8419217E+00
  3.5183004E-01  8.8472928E+00
  3.5216312E-01  8.8526619E+00
  3.5249620E-01  8.8580290E+00
  3.5282928E-01  8.8633940E+00
  3.5316235E-01  8.8687571E+00
  3.5349543E-01  8.8741182E+00
  3.5382851E-01  8.8794773E+00
  3.5416159E-01  8.8848345E+00
  3.5449466E-01  8.8901896E+00
  3.5482774E-01  8.8955428E+00
  3.5516082E-01  8.9008940E+00
  3.5549390E-01  8.9062432E+00
  3.5582698E-01  8.9115905E+00
  3.5616005E-01  8.9169358E+00
  3.5649313E-01  8.9222791E+00
  3.5682621E-01  8.9276205E+00
  3.5715929E-01  8.9329599E+00
  3.5749236E-01  8.9382974E+00
  3.5782544E-01  8.9436329E+00
  3.5815852E-01  8.9489665E+00
  3.5849160E-01  8.9542981E+00
  3.5882467E-01  8.9596278E+00
  3.5915775E-01  8.9649556E+00
  3.5949083E-01  8.9702814E+00
  3.5982391E-01  8.9756053E+00
  3.6015699E-01  8.9809273E+00
  3.6049006E-01  8.9862473E+00
  3.6082314E-01  8.9915654E+00
  3.6115622E-01  8.9968816E+00
  3.6148930E-01  9.0021959E+00
  3.6182237E-01  9.0075083E+00
  3.6215545E-01  9.0128188E+00
  3.6248853E-01  9.0181274E+00
  3.6282161E-01  9.0234340E+00
  3.6315468E-01  9.0287388E+00
  3.6348776E-01  9.0340417E+00
  3.6382084E-01  9.0393427E+00
  3.6415392E-01  9.0446418E+00
  3.6448700E-01  9.0499390E+00
  3.6482007E-01  9.0552343E+00
  3.6515315E-01  9.0605278E+00
  3.6548623E-01  9.0658194E+00
  3.6581931E-01  9.0711091E+00
  3.6615238E-01  9.0763969E+00
  3.6648546E-01  9.0816829E+00
  3.6681854E-01  9.0869670E+00
  3.6715162E-01  9.0922492E+00
  3.6748469E-01  9.0975296E+00
  3.6781777E-01  9.1028081E+00
  3.6815085E-01  9.1080848E+00
  3.6848393E-01  9.1133597E+00
  3.6881701E-01  9.1186327E+00
  3.6915008E-01  9.1239038E+00
  3.6948316E-01  9.1291731E+00
  3.6981624E-01  9.1344406E+00
  3.7014932E-01  9.1397062E+00
  3.7048239E-01  9.1449701E+00
  3.7081547E-01  9.1502320E+00
  3.7114855E-01  9.1554922E+00
  3.7148163E-01  9.1607506E+00
  3.7181470E-01  9.1660071E+00
  3.7214778E-01  9.1712618E+00
  3.7248086E-01  9.1765147E+00
  3.7281394E-01  9.1817658E+00
  3.7314702E-01  9.1870151E+00
  3.7348009E-01  9.1922626E+00
  3.7381317E-01  9.1975083E+00
  3.7414625E-01  9.2027522E+00
  3.7447933E-01  9.2079943E+00
  3.7481240E-01  9.2132346E+00
  3.7514548E-01  9.2184732E+00
  3.7547856E-01  9.2237099E+00
  3.7581164E-01  9.2289449E+00
  3.7614471E-01  9.2341781E+00
  3.7647779E-01  9.2394096E+00
  3.7681087E-01  9.2446392E+00
  3.7714395E-01  9.2498671E+00
  3.7747703E-01  9.2550932E+00
  3.7781010E-01  9.2603176E+00
  3.7814318E-01  9.2655402E+00
  3.7847626E-01  9.2707611E+00
  3.7880934E-01  9.2759802E+00
  3.7914241E-01  9.2811975E+00
  3.7947549E-01  9.2864131E+00
  3.7980857E-01  9.2916270E+00
  3.8014165E-01  9.2968391E+00
  3.8047472E-01  9.3020495E+00
  3.8080780E-01  9.3072582E+00
  3.8114088E-01  9.3124651E+00
  3.8147396E-01  9.3176703E+00
  3.8180704E-01  9.3228738E+00
  3.8214011E-01  9.3280756E+00
  3.8247319E-01  9.3332756E+00
  3.8280627E-01  9.3384740E+00
  3.8313935E-01  9.3436706E+00
  3.8347242E-01  9.3488655E+00
  3.8380550E-01  9.3540587E+00
  3.8413858E-01  9.3592502E+00
  3.8447166E-01  9.3644400E+00
  3.8480473E-01  9.3696281E+00
  3.8513781E-01  9.3748146E+00
  3.8547089E-01  9.3799993E+00
  3.8580397E-01  9.3851823E+00
  3.8613705E-01  9.3903637E+00
  3.8647012E-01  9.3955434E+00
  3.8680320E-01  9.4007214E+00
  3.8713628E-01  9.4058977E+00
  3.8746936E-01  9.4110724E+00
  3.8780243E-01  9.4162454E+00
  3.8813551E-01  9.4214167E+00
  3.8846859E-01  9.4265863E+00
  3.8880167E-01  9.4317544E+00
  3.8913474E-01  9.4369207E+00
  3.8946782E-01  9.4420854E+00
  3.8980090E-01  9.4472484E+00
  3.9013398E-01  9.4524098E+00
  3.9046706E-01  9.4575696E+00
  3.9080013E-01  9.4627277E+00
  3.9113321E-01  9.4678842E+00
  3.9146629E-01  9.4730390E+00
  3.9179937E-01  9.4781922E+00
  3.9213244E-01  9.4833438E+00
  3.9246552E-01  9.4884938E+00
  3.9279860E-01  9.4936421E+00
  3.9313168E-01  9.4987888E+00
  3.9346475E-01  9.5039339E+00
  3.9379783E-01  9.5090774E+00
  3.9413091E-01  9.5142193E+00
  3.9446399E-01  9.5193596E+00
  3.9479707E-01  9.5244983E+00
  3.9513014E-01  9.5296353E+00
  3.9546322E-01  9.5347708E+00
  3.9579630E-01  9.5399047E+00
  3.9612938E-01  9.5450369E+00
  3.9646245E-01  9.5501676E+00
  3.9679553E-01  9.5552967E+00
  3.9712861E-01  9.5604243E+00
  3.9746169E-01  9.5655502E+00
  3.9779476E-01  9.5706746E+00
  3.9812784E-01  9.5757974E+00
  3.9846092E-01  9.5809186E+00
  3.9879400E-01  9.5860383E+00
  3.9912708E-01  9.5911564E+00
  3.9946015E-01  9.5962729E+00
  3.9979323E-01  9.6013879E+00
  4.0012631E-01  9.6065013E+00
  4.0045939E-01  9.6116131E+00
  4.0079246E-01  9.6167235E+00
  4.0112554E-01  9.6218322E+00
  4.0145862E-01  9.6269395E+00
  4.0179170E-01  9.6320451E+00
  4.0212477E-01  9.6371493E+00
  4.0245785E-01  9.6422519E+00
  4.0279093E-01  9.6473530E+00
  4.0312401E-01  9.6524525E+00
  4.0345709E-01  9.6575506E+00
  4.0379016E-01  9.6626471E+00
  4.0412324E-01  9.6677421E+00
  4.0445632E-01  9.6728355E+00
  4.0478940E-01  9.6779275E+00
  4.0512247E-01  9.6830180E+00
  4.0545555E-01  9.6881069E+00
  4.0578863E-01  9.6931943E+00
  4.0612171E-01  9.6982803E+00
  4.0645478E-01  9.7033647E+00
  4.0678786E-01  9.7084477E+00
  4.0712094E-01  9.7135291E+00
  4.0745402E-01  9.7186091E+00
  4.0778710E-01  9.7236875E+00
  4.0812017E-01  9.7287645E+00
  4.0845325E-01  9.7338401E+00
  4.0878633E-01  9.7389141E+00
  4.0911941E-01  9.7439867E+00
  4.0945248E-01  9.7490577E+00
  4.0978556E-01  9.7541274E+00
  4.1011864E-01  9.7591955E+00
  4.1045172E-01  9.7642622E+00
  4.1078479E-01  9.7693275E+00
  4.1111787E-01  9.7743912E+00
  4.1145095E-01  9.7794536E+00
  4.1178403E-01  9.7845145E+00
  4.1211711E-01  9.7895739E+00
  4.1245018E-01  9.7946319E+00
  4.1278326E-01  9.7996884E+00
  4.1311634E-01  9.8047435E+00
  4.1344942E-01  9.8097972E+00
  4.1378249E-01  9.8148494E+00
  4.1411557E-01  9.8199003E+00
  4.1444865E-01  9.8249496E+00
  4.1478173E-01  9.8299976E+00
  4.1511480E-01  9.8350441E+00
  4.1544788E-01  9.8400893E+00
  4.1578096E-01  9.8451330E+00
  4.1611404E-01  9.8501753E+00
  4.1644712E-01  9.8552162E+00
  4.1678019E-01  9.8602557E+00
  4.1711327E-01  9.8652937E+00
  4.1744635E-01  9.8703304E+00
  4.1777943E-01  9.8753657E+00
  4.1811250E-01  9.8803996E+00
  4.1844558E-01  9.8854321E+00
  4.1877866E-01  9.8904632E+00
  4.1911174E-01  9.8954930E+00
  4.1944481E-01  9.9005213E+00
  4.1977789E-01  9.9055483E+00
  4.2011097E-01  9.9105739E+00
  4.2044405E-01  9.9155981E+00
  4.2077713E-01  9.9206210E+00
  4.2111020E-01  9.9256425E+00
  4.2144328E-01  9.9306626E+00
  4.2177636E-01  9.9356814E+00
  4.2210944E-01  9.9406988E+00
  4.2244251E-01  9.9457148E+00
  4.2277559E-01  9.9507295E+00
  4.2310867E-01  9.9557429E+00
  4.2344175E-01  9.9607549E+00
  4.2377482E-01  9.9657655E+00
  4.2410790E-01  9.9707749E+00
  4.2444098E-01  9.9757829E+00
  4.2477406E-01  9.9807895E+00
  4.2510714E-01  9.9857948E+00
  4.2544021E-01  9.9907988E+00
  4.2577329E-01  9.9958015E+00
  4.2610637E-01  1.0000803E+01
  4.2643945E-01  1.0005803E+01
  4.2677252E-01  1.0010802E+01
  4.2710560E-01  1.0015799E+01
  4.2743868E-01  1.0020795E+01
  4.2777176E-01  1.0025790E+01
  4.2810483E-01  1.0030783E+01
  4.2843791E-01  1.0035776E+01
  4.2877099E-01  1.0040766E+01
  4.2910407E-01  1.0045756E+01
  4.2943715E-01  1.0050744E+01
  4.2977022E-01  1.0055731E+01
  4.3010330E-01  1.0060717E+01
  4.3043638E-01  1.0065701E+01
  4.3076946E-01  1.0070685E+01
  4.3110253E-01  1.0075666E+01
  4.3143561E-01  1.0080647E+01
  4.3176869E-01  1.0085626E+01
  4.3210177E-01  1.0090604E+01
  4.3243484E-01  1.0095581E+01
  4.3276792E-01  1.0100557E+01
  4.3310100E-01  1.0105531E+01
  4.3343408E-01  1.0110504E+01
  4.3376716E-01  1.0115476E+01
  4.3410023E-01  1.0120446E+01
  4.3443331E-01  1.0125415E+01
  4.3476639E-01  1.0130383E+01
  4.3509947E-01  1.0135350E+01
  4.3543254E-01  1.0140316E+01
  4.3576562E-01  1.0145280E+01
  4.3609870E-01  1.0150243E+01
  4.3643178E-01  1.0155205E+01
  4.3676485E-01  1.0160166E+01
  4.3709793E-01  1.0165125E+01
  4.3743101E-01  1.0170083E+01
  4.3776409E-01  1.0175040E+01
  4.3809717E-01  1.0179996E+01
  4.3843024E-01  1.0184950E+01
  4.3876332E-01  1.0189904E+01
  4.3909640E-01  1.0194856E+01
  4.3942948E-01  1.0199806E+01
  4.3976255E-01  1.0204756E+01
  4.4009563E-01  1.0209705E+01
  4.4042871E-01  1.0214652E+01
  4.4076179E-01  1.0219598E+01
  4.4109486E-01  1.0224543E+01
  4.4142794E-01  1.0229487E+01
  4.4176102E-01  1.0234429E+01
  4.4209410E-01  1.0239371E+01
  4.4242718E-01  1.0244311E+01
  4.4276025E-01  1.0249250E+01
  4.4309333E-01  1.0254188E+01
  4.4342641E-01  1.0259124E+01
  4.4375949E-01  1.0264060E+01
  4.4409256E-01  1.0268994E+01
  4.4442564E-01  1.0273927E+01
  4.4475872E-01  1.0278859E+01
  4.4509180E-01  1.0283790E+01
  4.4542487E-01  1.0288720E+01
  4.4575795E-01  1.0293648E+01
  4.4609103E-01  1.0298576E+01
  4.4642411E-01  1.0303502E+01
  4.4675719E-01  1.0308427E+01
  4.4709026E-01  1.0313351E+01
  4.4742334E-01  1.0318274E+01
  4.4775642E-01  1.0323196E+01
  4.4808950E-01  1.0328116E+01
  4.4842257E-01  1.0333036E+01
  4.4875565E-01  1.0337954E+01
  4.4908873E-01  1.0342871E+01
  4.4942181E-01  1.0347787E+01
  4.4975488E-01  1.0352702E+01
  4.5008796E-01  1.0357616E+01
  4.5042104E-01  1.0362529E+01
  4.5075412E-01  1.0367441E+01
  4.5108720E-01  1.0372351E+01
  4.5142027E-01  1.0377261E+01
  4.5175335E-01  1.0382169E+01
  4.5208643E-01  1.0387077E+01
  4.5241951E-01  1.0391983E+01
  4.5275258E-01  1.0396888E+01
  4.5308566E-01  1.0401792E+01
  4.5341874E-01  1.0406695E+01
  4.5375182E-01  1.0411597E+01
  4.5408489E-01  1.0416497E+01
  4.5441797E-01  1.0421397E+01
  4.5475105E-01  1.0426296E+01
  4.5508413E-01  1.0431193E+01
  4.5541721E-01  1.0436090E+01
  4.5575028E-01  1.0440985E+01
  4.5608336E-01  1.0445880E+01
  4.5641644E-01  1.0450773E+01
  4.5674952E-01  1.0455665E+01
  4.5708259E-01  1.0460557E+01
  4.5741567E-01  1.0465447E+01
  4.5774875E-01  1.0470336E+01
  4.5808183E-01  1.0475224E+01
  4.5841490E-01  1.0480111E+01
  4.5874798E-01  1.0484997E+01
  4.5908106E-01  1.0489882E+01
  4.5941414E-01  1.0494766E+01
  4.5974722E-01  1.0499649E+01
  4.6008029E-01  1.0504531E+01
  4.6041337E-01  1.0509412E+01
  4.6074645E-01  1.0514292E+01
  4.6107953E-01  1.0519171E+01
  4.6141260E-01  1.0524048E+01
  4.6174568E-01  1.0528925E+01
  4.6207876E-01  1.0533801E+01
  4.6241184E-01  1.0538676E+01
  4.6274491E-01  1.0543550E+01
  4.6307799E-01  1.0548423E+01
  4.6341107E-01  1.0553294E+01
  4.6374415E-01  1.0558165E+01
  4.6407723E-01  1.0563035E+01
  4.6441030E-01  1.0567904E+01
  4.6474338E-01  1.0572772E+01
  4.6507646E-01  1.0577639E+01
  4.6540954E-01  1.0582505E+01
  4.6574261E-01  1.0587370E+01
  4.6607569E-01  1.0592234E+01
  4.6640877E-01  1.0597097E+01
  4.6674185E-01  1.0601959E+01
  4.6707492E-01  1.0606820E+01
  4.6740800E-01  1.0611680E+01
  4.6774108E-01  1.0616539E+01
  4.6807416E-01  1.0621397E+01
  4.6840724E-01  1.0626255E+01
  4.6874031E-01  1.0631111E+01
  4.6907339E-01  1.0635966E+01
  4.6940647E-01  1.0640821E+01
  4.6973955E-01  1.0645674E+01
  4.7007262E-01  1.0650527E+01
  4.7040570E-01  1.0655378E+01
  4.7073878E-01  1.0660229E+01
  4.7107186E-01  1.0665079E+01
  4.7140493E-01  1.0669928E+01
  4.7173801E-01  1.0674776E+01
  4.7207109E-01  1.0679623E+01
  4.7240417E-01  1.0684469E+01
  4.7273725E-01  1.0689314E+01
  4.7307032E-01  1.0694158E+01
  4.7340340E-01  1.0699002E+01
  4.7373648E-01  1.0703844E+01
  4.7406956E-01  1.0708685E+01
  4.7440263E-01  1.0713526E+01
  4.7473571E-01  1.0718366E+01
  4.7506879E-01  1.0723205E+01
  4.7540187E-01  1.0728043E+01
  4.7573494E-01  1.0732880E+01
  4.7606802E-01  1.0737716E+01
  4.7640110E-01  1.0742551E+01
  4.7673418E-01  1.0747386E+01
  4.7706726E-01  1.0752219E+01
  4.7740033E-01  1.0757052E+01
  4.7773341E-01  1.0761884E+01
  4.7806649E-01  1.0766715E+01
  4.7839957E-01  1.0771545E+01
  4.7873264E-01  1.0776374E+01
  4.7906572E-01  1.0781202E+01
  4.7939880E-01  1.0786030E+01
  4.7973188E-01  1.0790856E+01
  4.8006495E-01  1.0795682E+01
  4.8039803E-01  1.0800507E+01
  4.8073111E-01  1.0805331E+01
  4.8106419E-01  1.0810154E+01
  4.8139727E-01  1.0814977E+01
  4.8173034E-01  1.0819798E+01
  4.8206342E-01  1.0824619E+01
  4.8239650E-01  1.0829439E+01
  4.8272958E-01  1.0834258E+01
  4.8306265E-01  1.0839076E+01
  4.8339573E-01  1.0843894E+01
  4.8372881E-01  1.0848711E+01
  4.8406189E-01  1.0853526E+01
  4.8439496E-01  1.0858341E+01
  4.8472804E-01  1.0863156E+01
  4.8506112E-01  1.0867969E+01
  4.8539420E-01  1.0872782E+01
  4.8572728E-01  1.0877593E+01
  4.8606035E-01  1.0882404E+01
  4.8639343E-01  1.0887214E+01
  4.8672651E-01  1.0892024E+01
  4.8705959E-01  1.0896832E+01
  4.8739266E-01  1.0901640E+01
  4.8772574E-01  1.0906447E+01
  4.8805882E-01  1.0911253E+01
  4.8839190E-01  1.0916059E+01
  4.8872497E-01  1.0920864E+01
  4.8905805E-01  1.0925668E+01
  4.8939113E-01  1.0930471E+01
  4.8972421E-01  1.0935273E+01
  4.9005729E-01  1.0940075E+01
  4.9039036E-01  1.0944876E+01
  4.9072344E-01  1.0949676E+01
  4.9105652E-01  1.0954475E+01
  4.9138960E-01  1.0959274E+01
  4.9172267E-01  1.0964071E+01
  4.9205575E-01  1.0968869E+01
  4.9238883E-01  1.0973665E+01
  4.9272191E-01  1.0978460E+01
  4.9305498E-01  1.0983255E+01
  4.9338806E-01  1.0988049E+01
  4.9372114E-01  1.0992843E+01
  4.9405422E-01  1.0997636E+01
  4.9438730E-01  1.1002427E+01
  4.9472037E-01  1.1007219E+01
  4.9505345E-01  1.1012009E+01
  4.9538653E-01  1.1016799E+01
  4.9571961E-01  1.1021588E+01
  4.9605268E-01  1.1026376E+01
  4.9638576E-01  1.1031164E+01
  4.9671884E-01  1.1035951E+01
  4.9705192E-01  1.1040737E+01
  4.9738499E-01  1.1045523E+01
  4.9771807E-01  1.1050308E+01
  4.9805115E-01  1.1055092E+01
  4.9838423E-01  1.1059875E+01
  4.9871731E-01  1.1064658E+01
  4.9905038E-01  1.1069440E+01
  4.9938346E-01  1.1074221E+01
  4.9971654E-01  1.1079002E+01
  5.0004962E-01  1.1083782E+01
  5.0038269E-01  1.1088561E+01
  5.0071577E-01  1.1093340E+01
  5.0104885E-01  1.1098118E+01
  5.0138193E-01  1.1102895E+01
  5.0171501E-01  1.1107672E+01
  5.0204808E-01  1.1112448E+01
  5.0238116E-01  1.1117224E+01
  5.0271424E-01  1.1121998E+01
  5.0304732E-01  1.1126772E+01
  5.0338039E-01  1.1131546E+01
  5.0371347E-01  1.1136318E+01
  5.0404655E-01  1.1141091E+01
  5.0437963E-01  1.1145862E+01
  5.0471270E-01  1.1150633E+01
  5.0504578E-01  1.1155403E+01
  5.0537886E-01  1.1160173E+01
  5.0571194E-01  1.1164942E+01
  5.0604502E-01  1.1169710E+01
  5.0637809E-01  1.1174478E+01
  5.0671117E-01  1.1179245E+01
  5.0704425E-01  1.1184011E+01
  5.0737733E-01  1.1188777E+01
  5.0771040E-01  1.1193542E+01
  5.0804348E-01  1.1198307E+01
  5.0837656E-01  1.1203071E+01
  5.0870964E-01  1.1207834E+01
  5.0904271E-01  1.1212597E+01
  5.0937579E-01  1.1217359E+01
  5.0970887E-01  1.1222121E+01
  5.1004195E-01  1.1226882E+01
  5.1037503E-01  1.1231642E+01
  5.1070810E-01  1.1236402E+01
  5.1104118E-01  1.1241161E+01
  5.1137426E-01  1.1245920E+01
  5.1170734E-01  1.1250678E+01
  5.1204041E-01  1.1255436E+01
  5.1237349E-01  1.1260193E+01
  5.1270657E-01  1.1264949E+01
  5.1303965E-01  1.1269705E+01
  5.1337272E-01  1.1274460E+01
  5.1370580E-01  1.1279215E+01
  5.1403888E-01  1.1283969E+01
  5.1437196E-01  1.1288722E+01
  5.1470504E-01  1.1293475E+01
  5.1503811E-01  1.1298228E+01
  5.1537119E-01  1.1302980E+01
  5.1570427E-01  1.1307731E+01
  5.1603735E-01  1.1312482E+01
  5.1637042E-01  1.1317232E+01
  5.1670350E-01  1.1321982E+01
  5.1703658E-01  1.1326731E+01
  5.1736966E-01  1.1331480E+01
  5.1770273E-01  1.1336228E+01
  5.1803581E-01  1.1340976E+01
  5.1836889E-01  1.1345723E+01
  5.1870197E-01  1.1350470E+01
  5.1903505E-01  1.1355216E+01
  5.1936812E-01  1.1359962E+01
  5.1970120E-01  1.1364707E+01
  5.2003428E-01  1.1369451E+01
  5.2036736E-01  1.1374195E+01
  5.2070043E-01  1.1378939E+01
  5.2103351E-01  1.1383682E+01
  5.2136659E-01  1.1388425E+01
  5.2169967E-01  1.1393167E+01
  5.2203274E-01  1.1397908E+01
  5.2236582E-01  1.1402649E+01
  5.2269890E-01  1.1407390E+01
  5.2303198E-01  1.1412130E+01
  5.2336506E-01  1.1416870E+01
  5.2369813E-01  1.1421609E+01
  5.2403121E-01  1.1426348E+01
  5.2436429E-01  1.1431086E+01
  5.2469737E-01  1.1435824E+01
  5.2503044E-01  1.1440561E+01
  5.2536352E-01  1.1445298E+01
  5.2569660E-01  1.1450035E+01
  5.2602968E-01  1.1454771E+01
  5.2636275E-01  1.1459506E+01
  5.2669583E-01  1.1464241E+01
  5.2702891E-01  1.1468976E+01
  5.2736199E-01  1.1473710E+01
  5.2769507E-01  1.1478444E+01
  5.2802814E-01  1.1483177E+01
  5.2836122E-01  1.1487910E+01
  5.2869430E-01  1.1492642E+01
  5.2902738E-01  1.1497374E+01
  5.2936045E-01  1.1502106E+01
  5.2969353E-01  1.1506837E+01
  5.3002661E-01  1.1511568E+01
  5.3035969E-01  1.1516298E+01
  5.3069276E-01  1.1521028E+01
  5.3102584E-01  1.1525758E+01
  5.3135892E-01  1.1530487E+01
  5.3169200E-01  1.1535215E+01
  5.3202508E-01  1.1539944E+01
  5.3235815E-01  1.1544672E+01
  5.3269123E-01  1.1549399E+01
  5.3302431E-01  1.1554126E+01
  5.3335739E-01  1.1558853E+01
  5.3369046E-01  1.1563579E+01
  5.3402354E-01  1.1568305E+01
  5.3435662E-01  1.1573031E+01
  5.3468970E-01  1.1577756E+01
  5.3502277E-01  1.1582481E+01
  5.3535585E-01  1.1587205E+01
  5.3568893E-01  1.1591929E+01
  5.3602201E-01  1.1596653E+01
  5.3635509E-01  1.1601376E+01
  5.3668816E-01  1.1606099E+01
  5.3702124E-01  1.1610822E+01
  5.3735432E-01  1.1615544E+01
  5.3768740E-01  1.1620266E+01
  5.3802047E-01  1.1624987E+01
  5.3835355E-01  1.1629708E+01
  5.3868663E-01  1.1634429E+01
  5.3901971E-01  1.1639150E+01
  5.3935278E-01  1.1643870E+01
  5.3968586E-01  1.1648590E+01
  5.4001894E-01  1.1653309E+01
  5.4035202E-01  1.1658028E+01
  5.4068510E-01  1.1662747E+01
  5.4101817E-01  1.1667466E+01
  5.4135125E-01  1.1672184E+01
  5.4168433E-01  1.1676902E+01
  5.4201741E-01  1.1681619E+01
  5.4235048E-01  1.1686337E+01
  5.4268356E-01  1.1691053E+01
  5.4301664E-01  1.1695770E+01
  5.4334972E-01  1.1700486E+01
  5.4368279E-01  1.1705202E+01
  5.4401587E-01  1.1709918E+01
  5.4434895E-01  1.1714634E+01
  5.4468203E-01  1.1719349E+01
  5.4501511E-01  1.1724063E+01
  5.4534818E-01  1.1728778E+01
  5.4568126E-01  1.1733492E+01
  5.4601434E-01  1.1738206E+01
  5.4634742E-01  1.1742920E+01
  5.4668049E-01  1.1747633E+01
  5.4701357E-01  1.1752347E+01
  5.4734665E-01  1.1757059E+01
  5.4767973E-01  1.1761772E+01
  5.4801280E-01  1.1766484E+01
  5.4834588E-01  1.1771196E+01
  5.4867896E-01  1.1775908E+01
  5.4901204E-01  1.1780620E+01
  5.4934512E-01  1.1785331E+01
  5.4967819E-01  1.1790042E+01
  5.5001127E-01  1.1794753E+01
  5.5034435E-01  1.1799464E+01
  5.5067743E-01  1.1804174E+01
  5.5101050E-01  1.1808884E+01
  5.5134358E-01  1.1813594E+01
  5.5167666E-01  1.1818304E+01
  5.5200974E-01  1.1823013E+01
  5.5234281E-01  1.1827722E+01
  5.5267589E-01  1.1832431E+01
  5.5300897E-01  1.1837140E+01
  5.5334205E-01  1.1841848E+01
  5.5367513E-01  1.1846557E+01
  5.5400820E-01  1.1851265E+01
  5.5434128E-01  1.1855973E+01
  5.5467436E-01  1.1860680E+01
  5.5500744E-01  1.1865388E+01
  5.5534051E-01  1.1870095E+01
  5.5567359E-01  1.1874802E+01
  5.5600667E-01  1.1879509E+01
  5.5633975E-01  1.1884216E+01
  5.5667282E-01  1.1888922E+01
  5.5700590E-01  1.1893629E+01
  5.5733898E-01  1.1898335E+01
  5.5767206E-01  1.1903041E+01
  5.5800514E-01  1.1907746E+01
  5.5833821E-01  1.1912452E+01
  5.5867129E-01  1.1917158E+01
  5.5900437E-01  1.1921863E+01
  5.5933745E-01  1.1926568E+01
  5.5967052E-01  1.1931273E+01
  5.6000360E-01  1.1935978E+01
  5.6033668E-01  1.1940682E+01
  5.6066976E-01  1.1945387E+01
  5.6100283E-01  1.1950091E+01
  5.6133591E-01  1.1954795E+01
  5.6166899E-01  1.1959499E+01
  5.6200207E-01  1.1964203E+01
  5.6233515E-01  1.1968907E+01
  5.6266822E-01  1.1973610E+01
  5.6300130E-01  1.1978314E+01
  5.6333438E-01  1.1983017E+01
  5.6366746E-01  1.1987720E+01
  5.6400053E-01  1.1992423E+01
  5.6433361E-01  1.1997126E+01
  5.6466669E-01  1.2001829E+01
  5.6499977E-01  1.2006532E+01
  5.6533284E-01  1.2011235E+01
  5.6566592E-01  1.2015937E+01
  5.6599900E-01  1.2020640E+01
  5.6633208E-01  1.2025342E+01
  5.6666516E-01  1.2030044E+01
  5.6699823E-01  1.2034746E+01
  5.6733131E-01  1.2039448E+01
  5.6766439E-01  1.2044150E+01
  5.6799747E-01  1.2048852E+01
  5.6833054E-01  1.2053554E+01
  5.6866362E-01  1.2058255E+01
  5.6899670E-01  1.2062957E+01
  5.6932978E-01  1.2067658E+01
  5.6966285E-01  1.2072360E+01
  5.6999593E-01  1.2077061E+01
  5.7032901E-01  1.2081762E+01
  5.7066209E-01  1.2086463E+01
  5.7099517E-01  1.2091165E+01
  5.7132824E-01  1.2095866E+01
  5.7166132E-01  1.2100567E+01
  5.7199440E-01  1.2105268E+01
  5.7232748E-01  1.2109969E+01
  5.7266055E-01  1.2114669E+01
  5.7299363E-01  1.2119370E+01
  5.7332671E-01  1.2124071E+01
  5.7365979E-01  1.2128772E+01
  5.7399286E-01  1.2133472E+01
  5.7432594E-01  1.2138173E+01
  5.7465902E-01  1.2142874E+01
  5.7499210E-01  1.2147574E+01
  5.7532518E-01  1.2152275E+01
  5.7565825E-01  1.2156976E+01
  5.7599133E-01  1.2161676E+01
  5.7632441E-01  1.2166377E+01
  5.7665749E-01  1.2171077E+01
  5.7699056E-01  1.2175778E+01
  5.7732364E-01  1.2180478E+01
  5.7765672E-01  1.2185179E+01
  5.7798980E-01  1.2189879E+01
  5.7832287E-01  1.2194580E+01
  5.7865595E-01  1.2199280E+01
  5.7898903E-01  1.2203981E+01
  5.7932211E-01  1.2208681E+01
  5.7965519E-01  1.2213382E+01
  5.7998826E-01  1.2218082E+01
  5.8032134E-01  1.2222783E+01
  5.8065442E-01  1.2227483E+01
  5.8098750E-01  1.2232184E+01
  5.8132057E-01  1.2236885E+01
  5.8165365E-01  1.2241585E+01
  5.8198673E-01  1.2246286E+01
  5.8231981E-01  1.2250987E+01
  5.8265288E-01  1.2255687E+01
  5.8298596E-01  1.2260388E+01
  5.8331904E-01  1.2265089E+01
  5.8365212E-01  1.2269790E+01
  5.8398520E-01  1.2274491E+01
  5.8431827E-01  1.2279192E+01
  5.8465135E-01  1.2283893E+01
  5.8498443E-01  1.2288594E+01
  5.8531751E-01  1.2293295E+01
  5.8565058E-01  1.2297997E+01
  5.8598366E-01  1.2302698E+01
  5.8631674E-01  1.2307399E+01
  5.8664982E-01  1.2312101E+01
  5.8698289E-01  1.2316803E+01
  5.8731597E-01  1.2321504E+01
  5.8764905E-01  1.2326206E+01
  5.8798213E-01  1.2330908E+01
  5.8831521E-01  1.2335610E+01
  5.8864828E-01  1.2340312E+01
  5.8898136E-01  1.2345014E+01
  5.8931444E-01  1.2349716E+01
  5.8964752E-01  1.2354418E+01
  5.8998059E-01  1.2359121E+01
  5.9031367E-01  1.2363823E+01
  5.9064675E-01  1.2368526E+01
  5.9097983E-01  1.2373228E+01
  5.9131290E-01  1.2377931E+01
  5.9164598E-01  1.2382634E+01
  5.9197906E-01  1.2387337E+01
  5.9231214E-01  1.2392041E+01
  5.9264522E-01  1.2396744E+01
  5.9297829E-01  1.2401447E+01
  5.9331137E-01  1.2406151E+01
  5.9364445E-01  1.2410855E+01
  5.9397753E-01  1.2415559E+01
  5.9431060E-01  1.2420263E+01
  5.9464368E-01  1.2424967E+01
  5.9497676E-01  1.2429671E+01
  5.9530984E-01  1.2434376E+01
  5.9564291E-01  1.2439080E+01
  5.9597599E-01  1.2443785E+01
  5.9630907E-01  1.2448490E+01
  5.9664215E-01  1.2453195E+01
  5.9697523E-01  1.2457901E+01
  5.9730830E-01  1.2462606E+01
  5.9764138E-01  1.2467312E+01
  5.9797446E-01  1.2472017E+01
  5.9830754E-01  1.2476723E+01
  5.9864061E-01  1.2481430E+01
  5.9897369E-01  1.2486136E+01
  5.9930677E-01  1.2490843E+01
  5.9963985E-01  1.2495549E+01
  5.9997292E-01  1.2500256E+01
  6.0030600E-01  1.2504963E+01
  6.0063908E-01  1.2509671E+01
  6.0097216E-01  1.2514378E+01
  6.0130524E-01  1.2519086E+01
  6.0163831E-01  1.2523794E+01
  6.0197139E-01  1.2528502E+01
  6.0230447E-01  1.2533211E+01
  6.0263755E-01  1.2537919E+01
  6.0297062E-01  1.2542628E+01
  6.0330370E-01  1.2547337E+01
  6.0363678E-01  1.2552046E+01
  6.0396986E-01  1.2556756E+01
  6.0430293E-01  1.2561466E+01
  6.0463601E-01  1.2566176E+01
  6.0496909E-01  1.2570886E+01
  6.0530217E-01  1.2575596E+01
  6.0563525E-01  1.2580307E+01
  6.0596832E-01  1.2585018E+01
  6.0630140E-01  1.2589729E+01
  6.0663448E-01  1.2594441E+01
  6.0696756E-01  1.2599152E+01
  6.0730063E-01  1.2603864E+01
  6.0763371E-01  1.2608577E+01
  6.0796679E-01  1.2613289E+01
  6.0829987E-01  1.2618002E+01
  6.0863294E-01  1.2622715E+01
  6.0896602E-01  1.2627428E+01
  6.0929910E-01  1.2632142E+01
  6.0963218E-01  1.2636856E+01
  6.0996526E-01  1.2641570E+01
  6.1029833E-01  1.2646284E+01
  6.1063141E-01  1.2650999E+01
  6.1096449E-01  1.2655714E+01
  6.1129757E-01  1.2660430E+01
  6.1163064E-01  1.2665145E+01
  6.1196372E-01  1.2669861E+01
  6.1229680E-01  1.2674577E+01
  6.1262988E-01  1.2679294E+01
  6.1296295E-01  1.2684011E+01
  6.1329603E-01  1.2688728E+01
  6.1362911E-01  1.2693446E+01
  6.1396219E-01  1.2698163E+01
  6.1429527E-01  1.2702882E+01
  6.1462834E-01  1.2707600E+01
  6.1496142E-01  1.2712319E+01
  6.1529450E-01  1.2717038E+01
  6.1562758E-01  1.2721758E+01
  6.1596065E-01  1.2726477E+01
  6.1629373E-01  1.2731198E+01
  6.1662681E-01  1.2735918E+01
  6.1695989E-01  1.2740639E+01
  6.1729296E-01  1.2745360E+01
  6.1762604E-01  1.2750082E+01
  6.1795912E-01  1.2754804E+01
  6.1829220E-01  1.2759526E+01
  6.1862528E-01  1.2764249E+01
  6.1895835E-01  1.2768972E+01
  6.1929143E-01  1.2773695E+01
  6.1962451E-01  1.2778419E+01
  6.1995759E-01  1.2783143E+01
  6.2029066E-01  1.2787868E+01
  6.2062374E-01  1.2792593E+01
  6.2095682E-01  1.2797318E+01
  6.2128990E-01  1.2802044E+01
  6.2162297E-01  1.2806770E+01
  6.2195605E-01  1.2811496E+01
  6.2228913E-01  1.2816223E+01
  6.2262221E-01  1.2820951E+01
  6.2295529E-01  1.2825678E+01
  6.2328836E-01  1.2830406E+01
  6.2362144E-01  1.2835135E+01
  6.2395452E-01  1.2839864E+01
  6.2428760E-01  1.2844593E+01
  6.2462067E-01  1.2849323E+01
  6.2495375E-01  1.2854053E+01
  6.2528683E-01  1.2858784E+01
  6.2561991E-01  1.2863515E+01
  6.2595298E-01  1.2868246E+01
  6.2628606E-01  1.2872978E+01
  6.2661914E-01  1.2877711E+01
  6.2695222E-01  1.2882443E+01
  6.2728530E-01  1.2887177E+01
  6.2761837E-01  1.2891910E+01
  6.2795145E-01  1.2896644E+01
  6.2828453E-01  1.2901379E+01
  6.2861761E-01  1.2906114E+01
  6.2895068E-01  1.2910850E+01
  6.2928376E-01  1.2915586E+01
  6.2961684E-01  1.2920322E+01
  6.2994992E-01  1.2925059E+01
  6.3028299E-01  1.2929796E+01
  6.3061607E-01  1.2934534E+01
  6.3094915E-01  1.2939272E+01
  6.3128223E-01  1.2944011E+01
  6.3161531E-01  1.2948751E+01
  6.3194838E-01  1.2953490E+01
  6.3228146E-01  1.2958231E+01
  6.3261454E-01  1.2962972E+01
  6.3294762E-01  1.2967713E+01
  6.3328069E-01  1.2972455E+01
  6.3361377E-01  1.2977197E+01
  6.3394685E-01  1.2981940E+01
  6.3427993E-01  1.2986683E+01
  6.3461300E-01  1.2991427E+01
  6.3494608E-01  1.2996171E+01
  6.3527916E-01  1.3000916E+01
  6.3561224E-01  1.3005661E+01
  6.3594532E-01  1.3010407E+01
  6.3627839E-01  1.3015154E+01
  6.3661147E-01  1.3019901E+01
  6.3694455E-01  1.3024648E+01
  6.3727763E-01  1.3029396E+01
  6.3761070E-01  1.3034145E+01
  6.3794378E-01  1.3038894E+01
  6.3827686E-01  1.3043644E+01
  6.3860994E-01  1.3048394E+01
  6.3894301E-01  1.3053145E+01
  6.3927609E-01  1.3057896E+01
  6.3960917E-01  1.3062648E+01
  6.3994225E-01  1.3067401E+01
  6.4027533E-01  1.3072154E+01
  6.4060840E-01  1.3076907E+01
  6.4094148E-01  1.3081661E+01
  6.4127456E-01  1.3086416E+01
  6.4160764E-01  1.3091171E+01
  6.4194071E-01  1.3095927E+01
  6.4227379E-01  1.3100684E+01
  6.4260687E-01  1.3105441E+01
  6.4293995E-01  1.3110199E+01
  6.4327302E-01  1.3114957E+01
  6.4360610E-01  1.3119716E+01
  6.4393918E-01  1.3124475E+01
  6.4427226E-01  1.3129236E+01
  6.4460534E-01  1.3133996E+01
  6.4493841E-01  1.3138758E+01
  6.4527149E-01  1.3143519E+01
  6.4560457E-01  1.3148282E+01
  6.4593765E-01  1.3153045E+01
  6.4627072E-01  1.3157809E+01
  6.4660380E-01  1.3162573E+01
  6.4693688E-01  1.3167339E+01
  6.4726996E-01  1.3172104E+01
  6.4760303E-01  1.3176871E+01
  6.4793611E-01  1.3181638E+01
  6.4826919E-01  1.3186405E+01
  6.4860227E-01  1.3191173E+01
  6.4893535E-01  1.3195942E+01
  6.4926842E-01  1.3200712E+01
  6.4960150E-01  1.3205482E+01
  6.4993458E-01  1.3210253E+01
  6.5026766E-01  1.3215025E+01
  6.5060073E-01  1.3219797E+01
  6.5093381E-01  1.3224570E+01
  6.5126689E-01  1.3229343E+01
  6.5159997E-01  1.3234117E+01
  6.5193304E-01  1.3238892E+01
  6.5226612E-01  1.3243668E+01
  6.5259920E-01  1.3248444E+01
  6.5293228E-01  1.3253221E+01
  6.5326536E-01  1.3257999E+01
  6.5359843E-01  1.3262777E+01
  6.5393151E-01  1.3267556E+01
  6.5426459E-01  1.3272336E+01
  6.5459767E-01  1.3277117E+01
  6.5493074E-01  1.3281898E+01
  6.5526382E-01  1.3286680E+01
  6.5559690E-01  1.3291462E+01
  6.5592998E-01  1.3296246E+01
  6.5626305E-01  1.3301030E+01
  6.5659613E-01  1.3305814E+01
  6.5692921E-01  1.3310600E+01
  6.5726229E-01  1.3315386E+01
  6.5759537E-01  1.3320173E+01
  6.5792844E-01  1.3324961E+01
  6.5826152E-01  1.3329749E+01
  6.5859460E-01  1.3334538E+01
  6.5892768E-01  1.3339328E+01
  6.5926075E-01  1.3344119E+01
  6.5959383E-01  1.3348910E+01
  6.5992691E-01  1.3353703E+01
  6.6025999E-01  1.3358496E+01
  6.6059306E-01  1.3363289E+01
  6.6092614E-01  1.3368084E+01
  6.6125922E-01  1.3372879E+01
  6.6159230E-01  1.3377675E+01
  6.6192538E-01  1.3382472E+01
  6.6225845E-01  1.3387269E+01
  6.6259153E-01  1.3392068E+01
  6.6292461E-01  1.3396867E+01
  6.6325769E-01  1.3401667E+01
  6.6359076E-01  1.3406468E+01
  6.6392384E-01  1.3411269E+01
  6.6425692E-01  1.3416072E+01
  6.6459000E-01  1.3420875E+01
  6.6492307E-01  1.3425679E+01
  6.6525615E-01  1.3430483E+01
  6.6558923E-01  1.3435289E+01
  6.6592231E-01  1.3440095E+01
  6.6625539E-01  1.3444903E+01
  6.6658846E-01  1.3449711E+01
  6.6692154E-01  1.3454520E+01
  6.6725462E-01  1.3459329E+01
  6.6758770E-01  1.3464140E+01
  6.6792077E-01  1.3468951E+01
  6.6825385E-01  1.3473763E+01
  6.6858693E-01  1.3478576E+01
  6.6892001E-01  1.3483390E+01
  6.6925308E-01  1.3488205E+01
  6.6958616E-01  1.3493021E+01
  6.6991924E-01  1.3497837E+01
  6.7025232E-01  1.3502654E+01
  6.7058540E-01  1.3507473E+01
  6.7091847E-01  1.3512292E+01
  6.7125155E-01  1.3517111E+01
  6.7158463E-01  1.3521932E+01
  6.7191771E-01  1.3526754E+01
  6.7225078E-01  1.3531576E+01
  6.7258386E-01  1.3536400E+01
  6.7291694E-01  1.3541224E+01
  6.7325002E-01  1.3546049E+01
  6.7358309E-01  1.3550875E+01
  6.7391617E-01  1.3555702E+01
  6.7424925E-01  1.3560530E+01
  6.7458233E-01  1.3565359E+01
  6.7491541E-01  1.3570189E+01
  6.7524848E-01  1.3575019E+01
  6.7558156E-01  1.3579851E+01
  6.7591464E-01  1.3584683E+01
  6.7624772E-01  1.3589517E+01
  6.7658079E-01  1.3594351E+01
  6.7691387E-01  1.3599186E+01
  6.7724695E-01  1.3604022E+01
  6.7758003E-01  1.3608860E+01
  6.7791310E-01  1.3613698E+01
  6.7824618E-01  1.3618537E+01
  6.7857926E-01  1.3623376E+01
  6.7891234E-01  1.3628217E+01
  6.7924542E-01  1.3633059E+01
  6.7957849E-01  1.3637902E+01
  6.7991157E-01  1.3642746E+01
  6.8024465E-01  1.3647590E+01
  6.8057773E-01  1.3652436E+01
  6.8091080E-01  1.3657282E+01
  6.8124388E-01  1.3662130E+01
  6.8157696E-01  1.3666979E+01
  6.8191004E-01  1.3671828E+01
  6.8224311E-01  1.3676679E+01
  6.8257619E-01  1.3681530E+01
  6.8290927E-01  1.3686383E+01
  6.8324235E-01  1.3691236E+01
  6.8357543E-01  1.3696091E+01
  6.8390850E-01  1.3700946E+01
  6.8424158E-01  1.3705803E+01
  6.8457466E-01  1.3710660E+01
  6.8490774E-01  1.3715519E+01
  6.8524081E-01  1.3720378E+01
  6.8557389E-01  1.3725239E+01
  6.8590697E-01  1.3730100E+01
  6.8624005E-01  1.3734963E+01
  6.8657312E-01  1.3739826E+01
  6.8690620E-01  1.3744691E+01
  6.8723928E-01  1.3749557E+01
  6.8757236E-01  1.3754423E+01
  6.8790544E-01  1.3759291E+01
  6.8823851E-01  1.3764160E+01
  6.8857159E-01  1.3769030E+01
  6.8890467E-01  1.3773900E+01
  6.8923775E-01  1.3778772E+01
  6.8957082E-01  1.3783645E+01
  6.8990390E-01  1.3788519E+01
  6.9023698E-01  1.3793394E+01
  6.9057006E-01  1.3798271E+01
  6.9090313E-01  1.3803148E+01
  6.9123621E-01  1.3808026E+01
  6.9156929E-01  1.3812906E+01
  6.9190237E-01  1.3817786E+01
  6.9223545E-01  1.3822668E+01
  6.9256852E-01  1.3827550E+01
  6.9290160E-01  1.3832434E+01
  6.9323468E-01  1.3837319E+01
  6.9356776E-01  1.3842205E+01
  6.9390083E-01  1.3847092E+01
  6.9423391E-01  1.3851980E+01
  6.9456699E-01  1.3856869E+01
  6.9490007E-01  1.3861760E+01
  6.9523314E-01  1.3866651E+01
  6.9556622E-01  1.3871544E+01
  6.9589930E-01  1.3876438E+01
  6.9623238E-01  1.3881332E+01
  6.9656546E-01  1.3886228E+01
  6.9689853E-01  1.3891126E+01
  6.9723161E-01  1.3896024E+01
  6.9756469E-01  1.3900923E+01
  6.9789777E-01  1.3905824E+01
  6.9823084E-01  1.3910725E+01
  6.9856392E-01  1.3915628E+01
  6.9889700E-01  1.3920532E+01
  6.9923008E-01  1.3925438E+01
  6.9956315E-01  1.3930344E+01
  6.9989623E-01  1.3935251E+01
  7.0022931E-01  1.3940160E+01
  7.0056239E-01  1.3945070E+01
  7.0089547E-01  1.3949981E+01
  7.0122854E-01  1.3954893E+01
  7.0156162E-01  1.3959807E+01
  7.0189470E-01  1.3964721E+01
  7.0222778E-01  1.3969637E+01
  7.0256085E-01  1.3974554E+01
  7.0289393E-01  1.3979472E+01
  7.0322701E-01  1.3984391E+01
  7.0356009E-01  1.3989312E+01
  7.0389316E-01  1.3994234E+01
  7.0422624E-01  1.3999157E+01
  7.0455932E-01  1.4004081E+01
  7.0489240E-01  1.4009006E+01
  7.0522548E-01  1.4013933E+01
  7.0555855E-01  1.4018861E+01
  7.0589163E-01  1.4023790E+01
  7.0622471E-01  1.4028720E+01
  7.0655779E-01  1.4033652E+01
  7.0689086E-01  1.4038585E+01
  7.0722394E-01  1.4043519E+01
  7.0755702E-01  1.4048454E+01
  7.0789010E-01  1.4053391E+01
  7.0822317E-01  1.4058329E+01
  7.0855625E-01  1.4063268E+01
  7.0888933E-01  1.4068208E+01
  7.0922241E-01  1.4073150E+01
  7.0955549E-01  1.4078093E+01
  7.0988856E-01  1.4083037E+01
  7.1022164E-01  1.4087982E+01
  7.1055472E-01  1.4092929E+01
  7.1088780E-01  1.4097877E+01
  7.1122087E-01  1.4102826E+01
  7.1155395E-01  1.4107777E+01
  7.1188703E-01  1.4112729E+01
  7.1222011E-01  1.4117682E+01
  7.1255318E-01  1.4122637E+01
  7.1288626E-01  1.4127592E+01
  7.1321934E-01  1.4132550E+01
  7.1355242E-01  1.4137508E+01
  7.1388550E-01  1.4142468E+01
  7.1421857E-01  1.4147429E+01
  7.1455165E-01  1.4152391E+01
  7.1488473E-01  1.4157355E+01
  7.1521781E-01  1.4162320E+01
  7.1555088E-01  1.4167286E+01
  7.1588396E-01  1.4172254E+01
  7.1621704E-01  1.4177223E+01
  7.1655012E-01  1.4182194E+01
  7.1688319E-01  1.4187166E+01
  7.1721627E-01  1.4192139E+01
  7.1754935E-01  1.4197113E+01
  7.1788243E-01  1.4202089E+01
  7.1821551E-01  1.4207066E+01
  7.1854858E-01  1.4212045E+01
  7.1888166E-01  1.4217025E+01
  7.1921474E-01  1.4222006E+01
  7.1954782E-01  1.4226989E+01
  7.1988089E-01  1.4231973E+01
  7.2021397E-01  1.4236959E+01
  7.2054705E-01  1.4241946E+01
  7.2088013E-01  1.4246934E+01
  7.2121320E-01  1.4251924E+01
  7.2154628E-01  1.4256915E+01
  7.2187936E-01  1.4261907E+01
  7.2221244E-01  1.4266901E+01
  7.2254552E-01  1.4271897E+01
  7.2287859E-01  1.4276893E+01
  7.2321167E-01  1.4281892E+01
  7.2354475E-01  1.4286891E+01
  7.2387783E-01  1.4291892E+01
  7.2421090E-01  1.4296895E+01
  7.2454398E-01  1.4301899E+01
  7.2487706E-01  1.4306904E+01
  7.2521014E-01  1.4311911E+01
  7.2554321E-01  1.4316919E+01
  7.2587629E-01  1.4321929E+01
  7.2620937E-01  1.4326940E+01
  7.2654245E-01  1.4331953E+01
  7.2687553E-01  1.4336967E+01
  7.2720860E-01  1.4341982E+01
  7.2754168E-01  1.4347000E+01
  7.2787476E-01  1.4352018E+01
  7.2820784E-01  1.4357038E+01
  7.2854091E-01  1.4362060E+01
  7.2887399E-01  1.4367083E+01
  7.2920707E-01  1.4372107E+01
  7.2954015E-01  1.4377133E+01
  7.2987322E-01  1.4382160E+01
  7.3020630E-01  1.4387189E+01
  7.3053938E-01  1.4392220E+01
  7.3087246E-01  1.4397252E+01
  7.3120554E-01  1.4402285E+01
  7.3153861E-01  1.4407320E+01
  7.3187169E-01  1.4412357E+01
  7.3220477E-01  1.4417395E+01
  7.3253785E-01  1.4422435E+01
  7.3287092E-01  1.4427476E+01
  7.3320400E-01  1.4432519E+01
  7.3353708E-01  1.4437563E+01
  7.3387016E-01  1.4442609E+01
  7.3420323E-01  1.4447656E+01
  7.3453631E-01  1.4452705E+01
  7.3486939E-01  1.4457755E+01
  7.3520247E-01  1.4462807E+01
  7.3553555E-01  1.4467861E+01
  7.3586862E-01  1.4472916E+01
  7.3620170E-01  1.4477973E+01
  7.3653478E-01  1.4483031E+01
  7.3686786E-01  1.4488091E+01
  7.3720093E-01  1.4493152E+01
  7.3753401E-01  1.4498215E+01
  7.3786709E-01  1.4503280E+01
  7.3820017E-01  1.4508346E+01
  7.3853324E-01  1.4513414E+01
  7.3886632E-01  1.4518483E+01
  7.3919940E-01  1.4523554E+01
  7.3953248E-01  1.4528627E+01
  7.3986556E-01  1.4533701E+01
  7.4019863E-01  1.4538777E+01
  7.4053171E-01  1.4543855E+01
  7.4086479E-01  1.4548934E+01
  7.4119787E-01  1.4554015E+01
  7.4153094E-01  1.4559097E+01
  7.4186402E-01  1.4564181E+01
  7.4219710E-01  1.4569267E+01
  7.4253018E-01  1.4574354E+01
  7.4286325E-01  1.4579443E+01
  7.4319633E-01  1.4584534E+01
  7.4352941E-01  1.4589626E+01
  7.4386249E-01  1.4594720E+01
  7.4419557E-01  1.4599816E+01
  7.4452864E-01  1.4604913E+01
  7.4486172E-01  1.4610012E+01
  7.4519480E-01  1.4615113E+01
  7.4552788E-01  1.4620215E+01
  7.4586095E-01  1.4625319E+01
  7.4619403E-01  1.4630425E+01
  7.4652711E-01  1.4635533E+01
  7.4686019E-01  1.4640642E+01
  7.4719326E-01  1.4645753E+01
  7.4752634E-01  1.4650865E+01
  7.4785942E-01  1.4655980E+01
  7.4819250E-01  1.4661096E+01
  7.4852558E-01  1.4666213E+01
  7.4885865E-01  1.4671333E+01
  7.4919173E-01  1.4676454E+01
  7.4952481E-01  1.4681577E+01
  7.4985789E-01  1.4686701E+01
  7.5019096E-01  1.4691828E+01
  7.5052404E-01  1.4696956E+01
  7.5085712E-01  1.4702086E+01
  7.5119020E-01  1.4707218E+01
  7.5152327E-01  1.4712351E+01
  7.5185635E-01  1.4717486E+01
  7.5218943E-01  1.4722623E+01
  7.5252251E-01  1.4727762E+01
  7.5285559E-01  1.4732902E+01
  7.5318866E-01  1.4738045E+01
  7.5352174E-01  1.4743189E+01
  7.5385482E-01  1.4748334E+01
  7.5418790E-01  1.4753482E+01
  7.5452097E-01  1.4758631E+01
  7.5485405E-01  1.4763783E+01
  7.5518713E-01  1.4768936E+01
  7.5552021E-01  1.4774091E+01
  7.5585328E-01  1.4779247E+01
  7.5618636E-01  1.4784406E+01
  7.5651944E-01  1.4789566E+01
  7.5685252E-01  1.4794728E+01
  7.5718560E-01  1.4799892E+01
  7.5751867E-01  1.4805058E+01
  7.5785175E-01  1.4810225E+01
  7.5818483E-01  1.4815395E+01
  7.5851791E-01  1.4820566E+01
  7.5885098E-01  1.4825739E+01
  7.5918406E-01  1.4830914E+01
  7.5951714E-01  1.4836091E+01
  7.5985022E-01  1.4841270E+01
  7.6018329E-01  1.4846450E+01
  7.6051637E-01  1.4851633E+01
  7.6084945E-01  1.4856817E+01
  7.6118253E-01  1.4862003E+01
  7.6151561E-01  1.4867192E+01
  7.6184868E-01  1.4872382E+01
  7.6218176E-01  1.4877573E+01
  7.6251484E-01  1.4882767E+01
  7.6284792E-01  1.4887963E+01
  7.6318099E-01  1.4893160E+01
  7.6351407E-01  1.4898360E+01
  7.6384715E-01  1.4903561E+01
  7.6418023E-01  1.4908765E+01
  7.6451330E-01  1.4913970E+01
  7.6484638E-01  1.4919177E+01
  7.6517946E-01  1.4924386E+01
  7.6551254E-01  1.4929597E+01
  7.6584562E-01  1.4934810E+01
  7.6617869E-01  1.4940025E+01
  7.6651177E-01  1.4945242E+01
  7.6684485E-01  1.4950461E+01
  7.6717793E-01  1.4955682E+01
  7.6751100E-01  1.4960904E+01
  7.6784408E-01  1.4966129E+01
  7.6817716E-01  1.4971356E+01
  7.6851024E-01  1.4976585E+01
  7.6884331E-01  1.4981815E+01
  7.6917639E-01  1.4987048E+01
  7.6950947E-01  1.4992282E+01
  7.6984255E-01  1.4997519E+01
  7.7017563E-01  1.5002758E+01
  7.7050870E-01  1.5007998E+01
  7.7084178E-01  1.5013241E+01
  7.7117486E-01  1.5018485E+01
  7.7150794E-01  1.5023732E+01
  7.7184101E-01  1.5028981E+01
  7.7217409E-01  1.5034231E+01
  7.7250717E-01  1.5039484E+01
  7.7284025E-01  1.5044739E+01
  7.7317332E-01  1.5049995E+01
  7.7350640E-01  1.5055254E+01
  7.7383948E-01  1.5060515E+01
  7.7417256E-01  1.5065778E+01
  7.7450564E-01  1.5071043E+01
  7.7483871E-01  1.5076310E+01
  7.7517179E-01  1.5081579E+01
  7.7550487E-01  1.5086850E+01
  7.7583795E-01  1.5092123E+01
  7.7617102E-01  1.5097399E+01
  7.7650410E-01  1.5102676E+01
  7.7683718E-01  1.5107955E+01
  7.7717026E-01  1.5113237E+01
  7.7750333E-01  1.5118521E+01
  7.7783641E-01  1.5123806E+01
  7.7816949E-01  1.5129094E+01
  7.7850257E-01  1.5134384E+01
  7.7883565E-01  1.5139676E+01
  7.7916872E-01  1.5144970E+01
  7.7950180E-01  1.5150267E+01
  7.7983488E-01  1.5155565E+01
  7.8016796E-01  1.5160866E+01
  7.8050103E-01  1.5166168E+01
  7.8083411E-01  1.5171473E+01
  7.8116719E-01  1.5176780E+01
  7.8150027E-01  1.5182089E+01
  7.8183334E-01  1.5187400E+01
  7.8216642E-01  1.5192714E+01
  7.8249950E-01  1.5198029E+01
  7.8283258E-01  1.5203347E+01
  7.8316566E-01  1.5208667E+01
  7.8349873E-01  1.5213989E+01
  7.8383181E-01  1.5219314E+01
  7.8416489E-01  1.5224640E+01
  7.8449797E-01  1.5229969E+01
  7.8483104E-01  1.5235299E+01
  7.8516412E-01  1.5240633E+01
  7.8549720E-01  1.5245968E+01
  7.8583028E-01  1.5251305E+01
  7.8616335E-01  1.5256645E+01
  7.8649643E-01  1.5261987E+01
  7.8682951E-01  1.5267331E+01
  7.8716259E-01  1.5272677E+01
  7.8749567E-01  1.5278026E+01
  7.8782874E-01  1.5283377E+01
  7.8816182E-01  1.5288730E+01
  7.8849490E-01  1.5294085E+01
  7.8882798E-01  1.5299442E+01
  7.8916105E-01  1.5304802E+01
  7.8949413E-01  1.5310164E+01
  7.8982721E-01  1.5315529E+01
  7.9016029E-01  1.5320895E+01
  7.9049336E-01  1.5326264E+01
  7.9082644E-01  1.5331635E+01
  7.9115952E-01  1.5337009E+01
  7.9149260E-01  1.5342384E+01
  7.9182568E-01  1.5347762E+01
  7.9215875E-01  1.5353143E+01
  7.9249183E-01  1.5358525E+01
  7.9282491E-01  1.5363910E+01
  7.9315799E-01  1.5369297E+01
  7.9349106E-01  1.5374687E+01
  7.9382414E-01  1.5380079E+01
  7.9415722E-01  1.5385473E+01
  7.9449030E-01  1.5390870E+01
  7.9482337E-01  1.5396268E+01
  7.9515645E-01  1.5401670E+01
  7.9548953E-01  1.5407073E+01
  7.9582261E-01  1.5412479E+01
  7.9615569E-01  1.5417887E+01
  7.9648876E-01  1.5423298E+01
  7.9682184E-01  1.5428711E+01
  7.9715492E-01  1.5434126E+01
  7.9748800E-01  1.5439544E+01
  7.9782107E-01  1.5444964E+01
  7.9815415E-01  1.5450386E+01
  7.9848723E-01  1.5455811E+01
  7.9882031E-01  1.5461239E+01
  7.9915338E-01  1.5466668E+01
  7.9948646E-01  1.5472100E+01
  7.9981954E-01  1.5477535E+01
  8.0015262E-01  1.5482972E+01
  8.0048570E-01  1.5488411E+01
  8.0081877E-01  1.5493853E+01
  8.0115185E-01  1.5499297E+01
  8.0148493E-01  1.5504743E+01
  8.0181801E-01  1.5510192E+01
  8.0215108E-01  1.5515644E+01
  8.0248416E-01  1.5521098E+01
  8.0281724E-01  1.5526554E+01
  8.0315032E-01  1.5532013E+01
  8.0348339E-01  1.5537474E+01
  8.0381647E-01  1.5542938E+01
  8.0414955E-01  1.5548404E+01
  8.0448263E-01  1.5553873E+01
  8.0481571E-01  1.5559344E+01
  8.0514878E-01  1.5564818E+01
  8.0548186E-01  1.5570294E+01
  8.0581494E-01  1.5575773E+01
  8.0614802E-01  1.5581254E+01
  8.0648109E-01  1.5586737E+01
  8.0681417E-01  1.5592224E+01
  8.0714725E-01  1.5597712E+01
  8.0748033E-01  1.5603204E+01
  8.0781340E-01  1.5608697E+01
  8.0814648E-01  1.5614194E+01
  8.0847956E-01  1.5619692E+01
  8.0881264E-01  1.5625194E+01
  8.0914572E-01  1.5630698E+01
  8.0947879E-01  1.5636204E+01
  8.0981187E-01  1.5641713E+01
  8.1014495E-01  1.5647225E+01
  8.1047803E-01  1.5652739E+01
  8.1081110E-01  1.5658256E+01
  8.1114418E-01  1.5663775E+01
  8.1147726E-01  1.5669297E+01
  8.1181034E-01  1.5674821E+01
  8.1214341E-01  1.5680349E+01
  8.1247649E-01  1.5685878E+01
  8.1280957E-01  1.5691411E+01
  8.1314265E-01  1.5696945E+01
  8.1347573E-01  1.5702483E+01
  8.1380880E-01  1.5708023E+01
  8.1414188E-01  1.5713566E+01
  8.1447496E-01  1.5719111E+01
  8.1480804E-01  1.5724659E+01
  8.1514111E-01  1.5730210E+01
  8.1547419E-01  1.5735763E+01
  8.1580727E-01  1.5741319E+01
  8.1614035E-01  1.5746878E+01
  8.1647342E-01  1.5752439E+01
  8.1680650E-01  1.5758003E+01
  8.1713958E-01  1.5763570E+01
  8.1747266E-01  1.5769139E+01
  8.1780574E-01  1.5774711E+01
  8.1813881E-01  1.5780286E+01
  8.1847189E-01  1.5785863E+01
  8.1880497E-01  1.5791443E+01
  8.1913805E-01  1.5797026E+01
  8.1947112E-01  1.5802611E+01
  8.1980420E-01  1.5808200E+01
  8.2013728E-01  1.5813791E+01
  8.2047036E-01  1.5819384E+01
  8.2080343E-01  1.5824981E+01
  8.2113651E-01  1.5830580E+01
  8.2146959E-01  1.5836182E+01
  8.2180267E-01  1.5841786E+01
  8.2213575E-01  1.5847393E+01
  8.2246882E-01  1.5853004E+01
  8.2280190E-01  1.5858616E+01
  8.2313498E-01  1.5864232E+01
  8.2346806E-01  1.5869851E+01
  8.2380113E-01  1.5875472E+01
  8.2413421E-01  1.5881096E+01
  8.2446729E-01  1.5886723E+01
  8.2480037E-01  1.5892352E+01
  8.2513344E-01  1.5897984E+01
  8.2546652E-01  1.5903620E+01
  8.2579960E-01  1.5909258E+01
  8.2613268E-01  1.5914898E+01
  8.2646576E-01  1.5920542E+01
  8.2679883E-01  1.5926189E+01
  8.2713191E-01  1.5931838E+01
  8.2746499E-01  1.5937490E+01
  8.2779807E-01  1.5943145E+01
  8.2813114E-01  1.5948803E+01
  8.2846422E-01  1.5954464E+01
  8.2879730E-01  1.5960127E+01
  8.2913038E-01  1.5965794E+01
  8.2946345E-01  1.5971463E+01
  8.2979653E-01  1.5977135E+01
  8.3012961E-01  1.5982810E+01
  8.3046269E-01  1.5988488E+01
  8.3079577E-01  1.5994169E+01
  8.3112884E-01  1.5999853E+01
  8.3146192E-01  1.6005539E+01
  8.3179500E-01  1.6011229E+01
  8.3212808E-01  1.6016921E+01
  8.3246115E-01  1.6022617E+01
  8.3279423E-01  1.6028315E+01
  8.3312731E-01  1.6034017E+01
  8.3346039E-01  1.6039721E+01
  8.3379346E-01  1.6045428E+01
  8.3412654E-01  1.6051138E+01
  8.3445962E-01  1.6056851E+01
  8.3479270E-01  1.6062567E+01
  8.3512578E-01  1.6068286E+01
  8.3545885E-01  1.6074008E+01
  8.3579193E-01  1.6079733E+01
  8.3612501E-01  1.6085461E+01
  8.3645809E-01  1.6091192E+01
  8.3679116E-01  1.6096926E+01
  8.3712424E-01  1.6102663E+01
  8.3745732E-01  1.6108403E+01
  8.3779040E-01  1.6114146E+01
  8.3812347E-01  1.6119892E+01
  8.3845655E-01  1.6125641E+01
  8.3878963E-01  1.6131393E+01
  8.3912271E-01  1.6137148E+01
  8.3945579E-01  1.6142906E+01
  8.3978886E-01  1.6148667E+01
  8.4012194E-01  1.6154432E+01
  8.4045502E-01  1.6160199E+01
  8.4078810E-01  1.6165969E+01
  8.4112117E-01  1.6171743E+01
  8.4145425E-01  1.6177519E+01
  8.4178733E-01  1.6183299E+01
  8.4212041E-01  1.6189082E+01
  8.4245348E-01  1.6194868E+01
  8.4278656E-01  1.6200657E+01
  8.4311964E-01  1.6206449E+01
  8.4345272E-01  1.6212244E+01
  8.4378580E-01  1.6218042E+01
  8.4411887E-01  1.6223843E+01
  8.4445195E-01  1.6229648E+01
  8.4478503E-01  1.6235456E+01
  8.4511811E-01  1.6241266E+01
  8.4545118E-01  1.6247080E+01
  8.4578426E-01  1.6252898E+01
  8.4611734E-01  1.6258718E+01
  8.4645042E-01  1.6264541E+01
  8.4678349E-01  1.6270368E+01
  8.4711657E-01  1.6276198E+01
  8.4744965E-01  1.6282031E+01
  8.4778273E-01  1.6287867E+01
  8.4811581E-01  1.6293706E+01
  8.4844888E-01  1.6299549E+01
  8.4878196E-01  1.6305395E+01
  8.4911504E-01  1.6311244E+01
  8.4944812E-01  1.6317096E+01
  8.4978119E-01  1.6322952E+01
  8.5011427E-01  1.6328810E+01
  8.5044735E-01  1.6334672E+01
  8.5078043E-01  1.6340538E+01
  8.5111350E-01  1.6346406E+01
  8.5144658E-01  1.6352278E+01
  8.5177966E-01  1.6358153E+01
  8.5211274E-01  1.6364031E+01
  8.5244582E-01  1.6369913E+01
  8.5277889E-01  1.6375798E+01
  8.5311197E-01  1.6381686E+01
  8.5344505E-01  1.6387577E+01
  8.5377813E-01  1.6393472E+01
  8.5411120E-01  1.6399370E+01
  8.5444428E-01  1.6405271E+01
  8.5477736E-01  1.6411176E+01
  8.5511044E-01  1.6417084E+01
  8.5544351E-01  1.6422996E+01
  8.5577659E-01  1.6428910E+01
  8.5610967E-01  1.6434828E+01
  8.5644275E-01  1.6440750E+01
  8.5677583E-01  1.6446675E+01
  8.5710890E-01  1.6452603E+01
  8.5744198E-01  1.6458534E+01
  8.5777506E-01  1.6464469E+01
  8.5810814E-01  1.6470408E+01
  8.5844121E-01  1.6476349E+01
  8.5877429E-01  1.6482294E+01
  8.5910737E-01  1.6488243E+01
  8.5944045E-01  1.6494195E+01
  8.5977352E-01  1.6500150E+01
  8.6010660E-01  1.6506109E+01
  8.6043968E-01  1.6512071E+01
  8.6077276E-01  1.6518037E+01
  8.6110584E-01  1.6524006E+01
  8.6143891E-01  1.6529979E+01
  8.6177199E-01  1.6535955E+01
  8.6210507E-01  1.6541934E+01
  8.6243815E-01  1.6547917E+01
  8.6277122E-01  1.6553904E+01
  8.6310430E-01  1.6559893E+01
  8.6343738E-01  1.6565887E+01
  8.6377046E-01  1.6571884E+01
  8.6410353E-01  1.6577884E+01
  8.6443661E-01  1.6583888E+01
  8.6476969E-01  1.6589896E+01
  8.6510277E-01  1.6595907E+01
  8.6543585E-01  1.6601921E+01
  8.6576892E-01  1.6607939E+01
  8.6610200E-01  1.6613961E+01
  8.6643508E-01  1.6619986E+01
  8.6676816E-01  1.6626015E+01
  8.6710123E-01  1.6632047E+01
  8.6743431E-01  1.6638083E+01
  8.6776739E-01  1.6644122E+01
  8.6810047E-01  1.6650165E+01
  8.6843354E-01  1.6656212E+01
  8.6876662E-01  1.6662262E+01
  8.6909970E-01  1.6668316E+01
  8.6943278E-01  1.6674374E+01
  8.6976586E-01  1.6680435E+01
  8.7009893E-01  1.6686499E+01
  8.7043201E-01  1.6692568E+01
  8.7076509E-01  1.6698640E+01
  8.7109817E-01  1.6704715E+01
  8.7143124E-01  1.6710795E+01
  8.7176432E-01  1.6716877E+01
  8.7209740E-01  1.6722964E+01
  8.7243048E-01  1.6729054E+01
  8.7276355E-01  1.6735148E+01
  8.7309663E-01  1.6741246E+01
  8.7342971E-01  1.6747347E+01
  8.7376279E-01  1.6753452E+01
  8.7409587E-01  1.6759561E+01
  8.7442894E-01  1.6765674E+01
  8.7476202E-01  1.6771790E+01
  8.7509510E-01  1.6777910E+01
  8.7542818E-01  1.6784034E+01
  8.7576125E-01  1.6790161E+01
  8.7609433E-01  1.6796292E+01
  8.7642741E-01  1.6802427E+01
  8.7676049E-01  1.6808566E+01
  8.7709356E-01  1.6814709E+01
  8.7742664E-01  1.6820855E+01
  8.7775972E-01  1.6827005E+01
  8.7809280E-01  1.6833159E+01
  8.7842588E-01  1.6839316E+01
  8.7875895E-01  1.6845478E+01
  8.7909203E-01  1.6851643E+01
  8.7942511E-01  1.6857812E+01
  8.7975819E-01  1.6863985E+01
  8.8009126E-01  1.6870162E+01
  8.8042434E-01  1.6876343E+01
  8.8075742E-01  1.6882527E+01
  8.8109050E-01  1.6888716E+01
  8.8142357E-01  1.6894908E+01
  8.8175665E-01  1.6901104E+01
  8.8208973E-01  1.6907304E+01
  8.8242281E-01  1.6913508E+01
  8.8275589E-01  1.6919716E+01
  8.8308896E-01  1.6925928E+01
  8.8342204E-01  1.6932143E+01
  8.8375512E-01  1.6938363E+01
  8.8408820E-01  1.6944586E+01
  8.8442127E-01  1.6950814E+01
  8.8475435E-01  1.6957045E+01
  8.8508743E-01  1.6963280E+01
  8.8542051E-01  1.6969520E+01
  8.8575358E-01  1.6975763E+01
  8.8608666E-01  1.6982010E+01
  8.8641974E-01  1.6988261E+01
  8.8675282E-01  1.6994516E+01
  8.8708590E-01  1.7000776E+01
  8.8741897E-01  1.7007039E+01
  8.8775205E-01  1.7013306E+01
  8.8808513E-01  1.7019577E+01
  8.8841821E-01  1.7025852E+01
  8.8875128E-01  1.7032132E+01
  8.8908436E-01  1.7038415E+01
  8.8941744E-01  1.7044702E+01
  8.8975052E-01  1.7050994E+01
  8.9008359E-01  1.7057289E+01
  8.9041667E-01  1.7063589E+01
  8.9074975E-01  1.7069893E+01
  8.9108283E-01  1.7076200E+01
  8.9141591E-01  1.7082512E+01
  8.9174898E-01  1.7088828E+01
  8.9208206E-01  1.7095148E+01
  8.9241514E-01  1.7101472E+01
  8.9274822E-01  1.7107801E+01
  8.9308129E-01  1.7114133E+01
  8.9341437E-01  1.7120470E+01
  8.9374745E-01  1.7126810E+01
  8.9408053E-01  1.7133155E+01
  8.9441360E-01  1.7139504E+01
  8.9474668E-01  1.7145858E+01
  8.9507976E-01  1.7152215E+01
  8.9541284E-01  1.7158577E+01
  8.9574592E-01  1.7164943E+01
  8.9607899E-01  1.7171313E+01
  8.9641207E-01  1.7177687E+01
  8.9674515E-01  1.7184065E+01
  8.9707823E-01  1.7190448E+01
  8.9741130E-01  1.7196835E+01
  8.9774438E-01  1.7203226E+01
  8.9807746E-01  1.7209622E+01
  8.9841054E-01  1.7216021E+01
  8.9874361E-01  1.7222425E+01
  8.9907669E-01  1.7228834E+01
  8.9940977E-01  1.7235246E+01
  8.9974285E-01  1.7241663E+01
  9.0007593E-01  1.7248084E+01
  9.0040900E-01  1.7254510E+01
  9.0074208E-01  1.7260939E+01
  9.0107516E-01  1.7267374E+01
  9.0140824E-01  1.7273812E+01
  9.0174131E-01  1.7280255E+01
  9.0207439E-01  1.7286702E+01
  9.0240747E-01  1.7293153E+01
  9.0274055E-01  1.7299609E+01
  9.0307362E-01  1.7306070E+01
  9.0340670E-01  1.7312534E+01
  9.0373978E-01  1.7319003E+01
  9.0407286E-01  1.7325477E+01
  9.0440594E-01  1.7331955E+01
  9.0473901E-01  1.7338437E+01
  9.0507209E-01  1.7344924E+01
  9.0540517E-01  1.7351415E+01
  9.0573825E-01  1.7357911E+01
  9.0607132E-01  1.7364411E+01
  9.0640440E-01  1.7370915E+01
  9.0673748E-01  1.7377424E+01
  9.0707056E-01  1.7383938E+01
  9.0740363E-01  1.7390456E+01
  9.0773671E-01  1.7396978E+01
  9.0806979E-01  1.7403505E+01
  9.0840287E-01  1.7410037E+01
  9.0873595E-01  1.7416573E+01
  9.0906902E-01  1.7423114E+01
  9.0940210E-01  1.7429659E+01
  9.0973518E-01  1.7436208E+01
  9.1006826E-01  1.7442763E+01
  9.1040133E-01  1.7449322E+01
  9.1073441E-01  1.7455885E+01
  9.1106749E-01  1.7462453E+01
  9.1140057E-01  1.7469026E+01
  9.1173364E-01  1.7475603E+01
  9.1206672E-01  1.7482185E+01
  9.1239980E-01  1.7488771E+01
  9.1273288E-01  1.7495362E+01
  9.1306596E-01  1.7501958E+01
  9.1339903E-01  1.7508558E+01
  9.1373211E-01  1.7515163E+01
  9.1406519E-01  1.7521773E+01
  9.1439827E-01  1.7528387E+01
  9.1473134E-01  1.7535006E+01
  9.1506442E-01  1.7541630E+01
  9.1539750E-01  1.7548259E+01
  9.1573058E-01  1.7554892E+01
  9.1606365E-01  1.7561530E+01
  9.1639673E-01  1.7568172E+01
  9.1672981E-01  1.7574820E+01
  9.1706289E-01  1.7581472E+01
  9.1739597E-01  1.7588129E+01
  9.1772904E-01  1.7594790E+01
  9.1806212E-01  1.7601457E+01
  9.1839520E-01  1.7608128E+01
  9.1872828E-01  1.7614804E+01
  9.1906135E-01  1.7621485E+01
  9.1939443E-01  1.7628170E+01
  9.1972751E-01  1.7634861E+01
  9.2006059E-01  1.7641556E+01
  9.2039366E-01  1.7648256E+01
  9.2072674E-01  1.7654961E+01
  9.2105982E-01  1.7661671E+01
  9.2139290E-01  1.7668386E+01
  9.2172598E-01  1.7675106E+01
  9.2205905E-01  1.7681830E+01
  9.2239213E-01  1.7688559E+01
  9.2272521E-01  1.7695294E+01
  9.2305829E-01  1.7702033E+01
  9.2339136E-01  1.7708777E+01
  9.2372444E-01  1.7715526E+01
  9.2405752E-01  1.7722280E+01
  9.2439060E-01  1.7729039E+01
  9.2472367E-01  1.7735803E+01
  9.2505675E-01  1.7742572E+01
  9.2538983E-01  1.7749346E+01
  9.2572291E-01  1.7756125E+01
  9.2605599E-01  1.7762909E+01
  9.2638906E-01  1.7769698E+01
  9.2672214E-01  1.7776492E+01
  9.2705522E-01  1.7783291E+01
  9.2738830E-01  1.7790096E+01
  9.2772137E-01  1.7796905E+01
  9.2805445E-01  1.7803719E+01
  9.2838753E-01  1.7810538E+01
  9.2872061E-01  1.7817363E+01
  9.2905368E-01  1.7824192E+01
  9.2938676E-01  1.7831027E+01
  9.2971984E-01  1.7837867E+01
  9.3005292E-01  1.7844712E+01
  9.3038600E-01  1.7851562E+01
  9.3071907E-01  1.7858417E+01
  9.3105215E-01  1.7865277E+01
  9.3138523E-01  1.7872143E+01
  9.3171831E-01  1.7879013E+01
  9.3205138E-01  1.7885889E+01
  9.3238446E-01  1.7892770E+01
  9.3271754E-01  1.7899656E+01
  9.3305062E-01  1.7906548E+01
  9.3338369E-01  1.7913445E+01
  9.3371677E-01  1.7920347E+01
  9.3404985E-01  1.7927254E+01
  9.3438293E-01  1.7934166E+01
  9.3471601E-01  1.7941084E+01
  9.3504908E-01  1.7948007E+01
  9.3538216E-01  1.7954936E+01
  9.3571524E-01  1.7961869E+01
  9.3604832E-01  1.7968808E+01
  9.3638139E-01  1.7975752E+01
  9.3671447E-01  1.7982702E+01
  9.3704755E-01  1.7989657E+01
  9.3738063E-01  1.7996617E+01
  9.3771370E-01  1.8003583E+01
  9.3804678E-01  1.8010554E+01
  9.3837986E-01  1.8017531E+01
  9.3871294E-01  1.8024513E+01
  9.3904602E-01  1.8031500E+01
  9.3937909E-01  1.8038493E+01
  9.3971217E-01  1.8045491E+01
  9.4004525E-01  1.8052494E+01
  9.4037833E-01  1.8059504E+01
  9.4071140E-01  1.8066518E+01
  9.4104448E-01  1.8073538E+01
  9.4137756E-01  1.8080564E+01
  9.4171064E-01  1.8087595E+01
  9.4204371E-01  1.8094631E+01
  9.4237679E-01  1.8101673E+01
  9.4270987E-01  1.8108721E+01
  9.4304295E-01  1.8115774E+01
  9.4337603E-01  1.8122833E+01
  9.4370910E-01  1.8129897E+01
  9.4404218E-01  1.8136967E+01
  9.4437526E-01  1.8144042E+01
  9.4470834E-01  1.8151123E+01
  9.4504141E-01  1.8158210E+01
  9.4537449E-01  1.8165302E+01
  9.4570757E-01  1.8172400E+01
  9.4604065E-01  1.8179504E+01
  9.4637372E-01  1.8186613E+01
  9.4670680E-01  1.8193728E+01
  9.4703988E-01  1.8200848E+01
  9.4737296E-01  1.8207975E+01
  9.4770604E-01  1.8215107E+01
  9.4803911E-01  1.8222244E+01
  9.4837219E-01  1.8229388E+01
  9.4870527E-01  1.8236537E+01
  9.4903835E-01  1.8243692E+01
  9.4937142E-01  1.8250853E+01
  9.4970450E-01  1.8258019E+01
  9.5003758E-01  1.8265191E+01
  9.5037066E-01  1.8272369E+01
  9.5070373E-01  1.8279553E+01
  9.5103681E-01  1.8286743E+01
  9.5136989E-01  1.8293939E+01
  9.5170297E-01  1.8301140E+01
  9.5203605E-01  1.8308347E+01
  9.5236912E-01  1.8315560E+01
  9.5270220E-01  1.8322779E+01
  9.5303528E-01  1.8330004E+01
  9.5336836E-01  1.8337235E+01
  9.5370143E-01  1.8344472E+01
  9.5403451E-01  1.8351715E+01
  9.5436759E-01  1.8358963E+01
  9.5470067E-01  1.8366218E+01
  9.5503374E-01  1.8373478E+01
  9.5536682E-01  1.8380745E+01
  9.5569990E-01  1.8388017E+01
  9.5603298E-01  1.8395296E+01
  9.5636606E-01  1.8402581E+01
  9.5669913E-01  1.8409871E+01
  9.5703221E-01  1.8417168E+01
  9.5736529E-01  1.8424471E+01
  9.5769837E-01  1.8431779E+01
  9.5803144E-01  1.8439094E+01
  9.5836452E-01  1.8446415E+01
  9.5869760E-01  1.8453742E+01
  9.5903068E-01  1.8461076E+01
  9.5936375E-01  1.8468415E+01
  9.5969683E-01  1.8475760E+01
  9.6002991E-01  1.8483112E+01
  9.6036299E-01  1.8490470E+01
  9.6069607E-01  1.8497834E+01
  9.6102914E-01  1.8505204E+01
  9.6136222E-01  1.8512581E+01
  9.6169530E-01  1.8519963E+01
  9.6202838E-01  1.8527352E+01
  9.6236145E-01  1.8534747E+01
  9.6269453E-01  1.8542149E+01
  9.6302761E-01  1.8549557E+01
  9.6336069E-01  1.8556971E+01
  9.6369376E-01  1.8564391E+01
  9.6402684E-01  1.8571818E+01
  9.6435992E-01  1.8579251E+01
  9.6469300E-01  1.8586690E+01
  9.6502608E-01  1.8594136E+01
  9.6535915E-01  1.8601588E+01
  9.6569223E-01  1.8609046E+01
  9.6602531E-01  1.8616511E+01
  9.6635839E-01  1.8623982E+01
  9.6669146E-01  1.8631460E+01
  9.6702454E-01  1.8638944E+01
  9.6735762E-01  1.8646435E+01
  9.6769070E-01  1.8653932E+01
  9.6802377E-01  1.8661436E+01
  9.6835685E-01  1.8668946E+01
  9.6868993E-01  1.8676462E+01
  9.6902301E-01  1.8683985E+01
  9.6935609E-01  1.8691515E+01
  9.6968916E-01  1.8699051E+01
  9.7002224E-01  1.8706594E+01
  9.7035532E-01  1.8714143E+01
  9.7068840E-01  1.8721699E+01
  9.7102147E-01  1.8729262E+01
  9.7135455E-01  1.8736831E+01
  9.7168763E-01  1.8744407E+01
  9.7202071E-01  1.8751989E+01
  9.7235378E-01  1.8759579E+01
  9.7268686E-01  1.8767174E+01
  9.7301994E-01  1.8774777E+01
  9.7335302E-01  1.8782386E+01
  9.7368610E-01  1.8790002E+01
  9.7401917E-01  1.8797625E+01
  9.7435225E-01  1.8805255E+01
  9.7468533E-01  1.8812891E+01
  9.7501841E-01  1.8820534E+01
  9.7535148E-01  1.8828184E+01
  9.7568456E-01  1.8835841E+01
  9.7601764E-01  1.8843504E+01
  9.7635072E-01  1.8851174E+01
  9.7668379E-01  1.8858852E+01
  9.7701687E-01  1.8866536E+01
  9.7734995E-01  1.8874227E+01
  9.7768303E-01  1.8881925E+01
  9.7801611E-01  1.8889630E+01
  9.7834918E-01  1.8897341E+01
  9.7868226E-01  1.8905060E+01
  9.7901534E-01  1.8912786E+01
  9.7934842E-01  1.8920519E+01
  9.7968149E-01  1.8928258E+01
  9.8001457E-01  1.8936005E+01
  9.8034765E-01  1.8943759E+01
  9.8068073E-01  1.8951520E+01
  9.8101380E-01  1.8959287E+01
  9.8134688E-01  1.8967062E+01
  9.8167996E-01  1.8974844E+01
  9.8201304E-01  1.8982634E+01
  9.8234612E-01  1.8990430E+01
  9.8267919E-01  1.8998233E+01
  9.8301227E-01  1.9006044E+01
  9.8334535E-01  1.9013862E+01
  9.8367843E-01  1.9021687E+01
  9.8401150E-01  1.9029519E+01
  9.8434458E-01  1.9037358E+01
  9.8467766E-01  1.9045205E+01
  9.8501074E-01  1.9053059E+01
  9.8534381E-01  1.9060920E+01
  9.8567689E-01  1.9068788E+01
  9.8600997E-01  1.9076664E+01
  9.8634305E-01  1.9084547E+01
  9.8667613E-01  1.9092438E+01
  9.8700920E-01  1.9100335E+01
  9.8734228E-01  1.9108241E+01
  9.8767536E-01  1.9116153E+01
  9.8800844E-01  1.9124073E+01
  9.8834151E-01  1.9132001E+01
  9.8867459E-01  1.9139935E+01
  9.8900767E-01  1.9147878E+01
  9.8934075E-01  1.9155827E+01
  9.8967382E-01  1.9163785E+01
  9.9000690E-01  1.9171749E+01
  9.9033998E-01  1.9179722E+01
  9.9067306E-01  1.9187702E+01
  9.9100614E-01  1.9195689E+01
  9.9133921E-01  1.9203684E+01
  9.9167229E-01  1.9211687E+01
  9.9200537E-01  1.9219697E+01
  9.9233845E-01  1.9227715E+01
  9.9267152E-01  1.9235740E+01
  9.9300460E-01  1.9243773E+01
  9.9333768E-01  1.9251814E+01
  9.9367076E-01  1.9259863E+01
  9.9400383E-01  1.9267919E+01
  9.9433691E-01  1.9275983E+01
  9.9466999E-01  1.9284055E+01
  9.9500307E-01  1.9292134E+01
  9.9533615E-01  1.9300222E+01
  9.9566922E-01  1.9308317E+01
  9.9600230E-01  1.9316420E+01
  9.9633538E-01  1.9324531E+01
  9.9666846E-01  1.9332649E+01
  9.9700153E-01  1.9340776E+01
  9.9733461E-01  1.9348910E+01
  9.9766769E-01  1.9357053E+01
  9.9800077E-01  1.9365203E+01
  9.9833384E-01  1.9373362E+01
  9.9866692E-01  1.9381528E+01
